 -1.39626 -0.785398        -0  -2.18166         0   1.39626        -0	-0 -0  0  0  0 -0 -0
 -1.39626 -0.785398        -0  -2.18166         0   1.39626        -0	  1.00542 -0.012228 -0.518885 -0.028409 -0.451173   0.01497  0.560182
 -1.39429 -0.785422 -0.001013  -2.18172  -0.00086   1.39629  0.000898	  1.93206 -0.023815 -0.987652 -0.052514 -0.817049  0.021001  0.675799
 -1.39193 -0.785452 -0.002209  -2.18178 -0.001819   1.39631   0.00158	  2.79596 -0.035556  -1.40585 -0.073032  -1.10108   0.02111  0.687724
 -1.38873 -0.785493 -0.003801  -2.18186 -0.003027   1.39633  0.002262	  3.60502 -0.048044  -1.77768 -0.090532  -1.31497  0.017466  0.677132
 -1.38474 -0.785548 -0.005744  -2.18196 -0.004419   1.39634  0.002931	  4.36424  -0.06169  -2.10759 -0.105428  -1.47011  0.011541  0.660622
 -1.38002 -0.785617 -0.007998  -2.18207 -0.005943   1.39635  0.003582	   5.0777 -0.076776  -2.39969 -0.118048  -1.57652  0.004374  0.642107
 -1.38002 -0.785617 -0.007998  -2.18207 -0.005943   1.39635  0.003582	   5.0777 -0.076776  -2.39969 -0.118048  -1.57652  0.004374  0.642107
 -1.37461 -0.785702 -0.010526  -2.18219 -0.007552   1.39635  0.004215	  5.74895  -0.09348  -2.65761 -0.128655  -1.64276 -0.003309  0.622656
 -1.36179 -0.785928 -0.016341  -2.18247 -0.010954   1.39633  0.005421	   7.0519 -0.134268  -3.14201 -0.145683  -1.74224 -0.023068  0.583382
 -1.36179 -0.785928 -0.016341  -2.18247 -0.010954   1.39633  0.005421	   7.0519 -0.134268  -3.14201 -0.145683  -1.74224 -0.023068  0.583382
 -1.34657 -0.786242  -0.02296  -2.18277 -0.014385   1.39627  0.006546	  8.16396 -0.181542  -3.47636 -0.156538  -1.68851 -0.035355  0.541693
 -1.33816 -0.786436 -0.026497  -2.18293 -0.016044   1.39623  0.007078	  8.65802 -0.207248  -3.59813  -0.15989  -1.63068 -0.039374  0.521023
 -1.33816 -0.786436 -0.026497  -2.18293 -0.016044   1.39623  0.007078	  8.65802 -0.207248  -3.59813  -0.15989  -1.63068 -0.039374  0.521023
 -1.31991 -0.786906 -0.033899  -2.18325 -0.019172   1.39615  0.008079	   9.5917  -0.26399  -3.80345 -0.163609  -1.49769 -0.046885  0.480206
 -1.31991 -0.786906 -0.033899  -2.18325 -0.019172   1.39615  0.008079	   9.5917  -0.26399  -3.80345 -0.163609  -1.49769 -0.046885  0.480206
 -1.31011 -0.787185 -0.037737  -2.18342  -0.02063    1.3961  0.008549	  10.0077 -0.293876  -3.87161 -0.164043  -1.41832 -0.048343  0.460307
  -1.2999 -0.787495 -0.041642  -2.18358 -0.022009   1.39605  0.008999	  10.4233 -0.325926  -3.93913 -0.163962  -1.33904 -0.049898  0.440519
 -1.28928 -0.787837 -0.045608  -2.18375 -0.023307     1.396   0.00943	  10.8163 -0.359089  -3.99204 -0.163164  -1.25713 -0.050585  0.421164
 -1.27827 -0.788213 -0.049619  -2.18391 -0.024522   1.39595  0.009842	  11.5357 -0.427988  -4.05492 -0.159929   -1.0868 -0.048401  0.383599
 -1.25522 -0.789068 -0.057719  -2.18423 -0.026698   1.39585  0.010611	  11.8508 -0.462332  -4.06019 -0.157229  -1.00532 -0.046108  0.369626
 -1.24322 -0.789548 -0.061776  -2.18438 -0.027661   1.39581  0.010971	  12.1437 -0.496797  -4.05216 -0.154085 -0.921733 -0.043182    0.3493
 -1.23094 -0.790062 -0.065819  -2.18454 -0.028543   1.39577  0.011311	  12.4206 -0.531389  -4.03538 -0.150567 -0.840746 -0.039761  0.331808
 -1.23094 -0.790062 -0.065819  -2.18454 -0.028543   1.39577  0.011311	  12.4206 -0.531389  -4.03538 -0.150567 -0.840746 -0.039761  0.331808
 -1.20558 -0.791194  -0.07384  -2.18483 -0.030068   1.39569  0.011942	  12.9435 -0.601568  -3.98495 -0.143035 -0.684802 -0.030644  0.298944
 -1.19252 -0.791813 -0.077806  -2.18497 -0.030717   1.39567  0.012233	  13.1761 -0.635774   -3.9453 -0.138604  -0.61291 -0.026341  0.283567
 -1.19252 -0.791813 -0.077806  -2.18497 -0.030717   1.39567  0.012233	  13.1761 -0.635774   -3.9453 -0.138604  -0.61291 -0.026341  0.283567
 -1.16572 -0.793152 -0.085604  -2.18524 -0.031805   1.39562   0.01277	  13.6145 -0.704004  -3.85273 -0.129727 -0.475976 -0.015191  0.253755
 -1.15201 -0.793872 -0.089428  -2.18537  -0.03225   1.39561  0.013017	  13.8087 -0.736677  -3.79536 -0.124785 -0.414009 -0.010261  0.239631
 -1.13811 -0.794625 -0.093192  -2.18549 -0.032635    1.3956   0.01325	  13.9916 -0.768606  -3.73322 -0.119804 -0.355304 -0.004934  0.225953
 -1.13811 -0.794625 -0.093192  -2.18549 -0.032635    1.3956   0.01325	  13.9916 -0.768606  -3.73322 -0.119804 -0.355304 -0.004934  0.225953
 -1.12404 -0.795409 -0.096893  -2.18561 -0.032963    1.3956  0.013469	  14.3352 -0.830947   -3.5996 -0.110201 -0.244647  0.008066  0.199467
 -1.10979 -0.796224 -0.100526  -2.18572 -0.033235    1.3956  0.013675	  14.3352 -0.830947   -3.5996 -0.110201 -0.244647  0.008066  0.199467
 -1.09537  -0.79707  -0.10409  -2.18583 -0.033456   1.39562   0.01387	  14.4918 -0.860379  -3.52894 -0.104928 -0.198591  0.013318   0.19049
 -1.06609 -0.798849 -0.110996  -2.18603 -0.033757   1.39566  0.014225	  14.7838 -0.917587  -3.37564 -0.095638 -0.103314  0.027918  0.163181
 -1.06609 -0.798849 -0.110996  -2.18603 -0.033757   1.39566  0.014225	  14.9067 -0.943299  -3.29187 -0.090429 -0.062378  0.032613  0.151165
 -1.03628 -0.800735 -0.117581  -2.18621 -0.033885   1.39572   0.01453	  15.0271 -0.968044  -3.20957 -0.085275 -0.027116  0.037782   0.14336
  -1.0212 -0.801714 -0.120747  -2.18629 -0.033894   1.39576  0.014666	  15.1336 -0.991178  -3.12145 -0.080429  0.009075  0.043193  0.129912
 -1.00602 -0.802716 -0.123823  -2.18637 -0.033868   1.39581  0.014791	  15.2328  -1.01293  -3.03173 -0.075725  0.042766  0.048728  0.118881
 -1.00602 -0.802716 -0.123823  -2.18637 -0.033868   1.39581  0.014791	  15.2328  -1.01293  -3.03173 -0.075725  0.042766  0.048728  0.118881
-0.975367 -0.804783 -0.129704  -2.18651  -0.03372   1.39592  0.015008	   15.417  -1.05302  -2.84944 -0.067077  0.104926  0.061586  0.098292
 -0.95991 -0.805845 -0.132507  -2.18657 -0.033601   1.39598  0.015101	  15.4955  -1.07041  -2.75631 -0.062648  0.131601   0.06638  0.088902
-0.944379 -0.806923 -0.135217  -2.18663 -0.033457   1.39605  0.015186	  15.5679  -1.08632  -2.66253 -0.058433  0.156231  0.071315  0.079684
-0.944379 -0.806923 -0.135217  -2.18663 -0.033457   1.39605  0.015186	  15.5679  -1.08632  -2.66253 -0.058433  0.156231  0.071315  0.079684
 -0.91311 -0.809124 -0.140353  -2.18674   -0.0331    1.3962  0.015327	  15.7008  -1.11433  -2.47409 -0.050862  0.201265  0.082815  0.061622
-0.897382 -0.810244  -0.14278  -2.18679 -0.032889   1.39629  0.015385	  15.7559  -1.12569   -2.3794 -0.047118  0.220366  0.087017  0.053264
-0.881601 -0.811375 -0.145112  -2.18684  -0.03266   1.39638  0.015434	  15.8059  -1.13554   -2.2848 -0.043632  0.237872  0.091317  0.045072
-0.881601 -0.811375 -0.145112  -2.18684  -0.03266   1.39638  0.015434	  15.8059  -1.13554   -2.2848 -0.043632  0.237872  0.091317  0.045072
-0.865772 -0.812515  -0.14735  -2.18688 -0.032414   1.39647  0.015475	  15.8508  -1.14388  -2.19043 -0.040388  0.253884  0.095601  0.037103
-0.849899 -0.813662 -0.149493  -2.18692 -0.032152   1.39657  0.015508	  15.8959   -1.1513  -2.09626 -0.037546  0.269538  0.101288  0.028994
-0.833983 -0.814817 -0.151543  -2.18696 -0.031875   1.39667  0.015533	 15.9363 -1.15721  -2.0025 -0.03494 0.283781 0.106893 0.021105
-0.818029 -0.815976 -0.153498  -2.18699 -0.031585   1.39678   0.01555	   15.972  -1.16159   -1.9092 -0.032449  0.296658  0.111794   0.01357
-0.802041 -0.817139 -0.155361  -2.18702 -0.031283   1.39689   0.01556	  16.0031  -1.16446   -1.8165 -0.030067  0.308265  0.115937  0.006397
-0.769984  -0.81947 -0.158811  -2.18708 -0.030646   1.39713  0.015559	  16.0526  -1.16576  -1.63336 -0.025852  0.328023  0.122766 -0.007269
-0.753924 -0.820635 -0.160399   -2.1871 -0.030314   1.39726  0.015549	   16.067   -1.1639   -1.5437 -0.024098  0.335704  0.124569 -0.013572
-0.737851 -0.821798 -0.161898  -2.18712 -0.029975   1.39738  0.015532	   16.078  -1.16071  -1.45518 -0.022716  0.342533  0.126709 -0.019787
 -0.72177 -0.822956  -0.16331  -2.18715 -0.029629   1.39751   0.01551	  16.0855  -1.15621  -1.36788  -0.02166  0.348574  0.128971 -0.025836
-0.705682  -0.82411 -0.164635  -2.18717 -0.029278   1.39764  0.015481	  16.0897  -1.15043  -1.28186 -0.020904  0.353885  0.131231 -0.031714
-0.689592 -0.825257 -0.165874  -2.18719 -0.028922   1.39777  0.015446	  16.0909  -1.14339  -1.19719 -0.020431  0.358522  0.133415  -0.03741
-0.673502 -0.826396  -0.16703  -2.18721 -0.028561   1.39791  0.015406	   16.089  -1.13515  -1.11391 -0.020232  0.362536  0.135479  -0.04293
-0.657415 -0.827527 -0.168103  -2.18723 -0.028197   1.39804  0.015361	  16.0841  -1.12573  -1.03207 -0.020304  0.365975  0.137396 -0.048282
-0.641335 -0.828647 -0.169094  -2.18725 -0.027829   1.39818   0.01531	  16.0765  -1.11517 -0.951726  -0.02064  0.368886  0.139147 -0.053471
-0.625264 -0.829757 -0.170007  -2.18727 -0.027459   1.39832  0.015254	  16.0662  -1.10351 -0.872899  -0.02124  0.371312   0.14073 -0.058493
-0.625264 -0.829757 -0.170007  -2.18727 -0.027459   1.39832  0.015254	  16.0662  -1.10351 -0.872899  -0.02124  0.371312   0.14073 -0.058493
-0.609204 -0.830854 -0.170841  -2.18729 -0.027087   1.39846  0.015193	  16.0408  -1.07707   -0.7191 -0.023071  0.375061  0.144168 -0.068426
-0.593157 -0.831938 -0.171598  -2.18731 -0.026713   1.39861  0.015127	  16.0408  -1.07707   -0.7191 -0.023071  0.375061  0.144168 -0.068426
-0.561103 -0.834063 -0.172892  -2.18736 -0.025963    1.3989  0.014985	  16.0281   -1.0627 -0.647632 -0.024172    0.3741   0.14522 -0.070165
-0.561103 -0.834063 -0.172892  -2.18736 -0.025963    1.3989  0.014985	  16.0106  -1.04704 -0.574289 -0.025617  0.375109  0.146544 -0.074729
-0.529132 -0.836123 -0.173894  -2.18742 -0.025208   1.39919  0.014819	  15.9626   -1.0125 -0.429496 -0.029533  0.379151  0.148313 -0.090466
-0.513183 -0.837126  -0.17429  -2.18745 -0.024829   1.39934  0.014728	  15.9356 -0.994264 -0.361901  -0.03192  0.379167  0.148247 -0.090809
-0.497262 -0.838111 -0.174618  -2.18748  -0.02445   1.39949  0.014636	  15.9065 -0.975236 -0.296023 -0.034563  0.378877  0.148183 -0.093826
-0.497262 -0.838111 -0.174618  -2.18748  -0.02445   1.39949  0.014636	  15.9065 -0.975236 -0.296023 -0.034563  0.378877  0.148183 -0.093826
-0.481371 -0.839076 -0.174882  -2.18752 -0.024071   1.39964   0.01454	  15.8447 -0.934814 -0.168458  -0.04031  0.377753   0.14823 -0.101046
-0.449681 -0.840946 -0.175222   -2.1876 -0.023317   1.39993   0.01434	  15.8147 -0.914022 -0.109954 -0.043416  0.374904  0.148095 -0.101942
-0.433885 -0.841849 -0.175302  -2.18764 -0.022942   1.40008  0.014235	  15.7776 -0.892304 -0.050497 -0.047031  0.374341  0.147506  -0.10718
-0.418127 -0.842731 -0.175323  -2.18769 -0.022568   1.40023  0.014126	  15.7388 -0.870012   0.00732 -0.050857  0.373637  0.146846 -0.110786
-0.402408 -0.843589 -0.175288  -2.18775 -0.022195   1.40037  0.014014	  15.6983 -0.847178  0.063489 -0.054876  0.372776  0.146096  -0.11394
-0.386731 -0.844425 -0.175197   -2.1878 -0.021823   1.40052  0.013898	  15.6562 -0.823835  0.118022 -0.059079  0.371774  0.145238 -0.116903
-0.371097 -0.845237 -0.175052  -2.18786 -0.021451   1.40066   0.01378	  15.6126 -0.800023  0.170934 -0.063457  0.370648  0.144272 -0.119727
-0.355507 -0.846025 -0.174856  -2.18793 -0.021081   1.40081  0.013659	  15.5674 -0.775775  0.222244 -0.068001  0.369415  0.143192 -0.122436
-0.339963 -0.846788 -0.174608    -2.188 -0.020713   1.40095  0.013535	  15.5208  -0.75113  0.271973 -0.072703  0.368094  0.141999 -0.125031
-0.339963 -0.846788 -0.174608    -2.188 -0.020713   1.40095  0.013535	  15.4727  -0.72612  0.320143 -0.077557  0.366697  0.140697 -0.127513
-0.324466 -0.847527 -0.174312  -2.18808 -0.020345   1.40109  0.013409	  15.4727  -0.72612  0.320143 -0.077557  0.366697  0.140697 -0.127513
-0.309016 -0.848241  -0.17397  -2.18816  -0.01998   1.40123  0.013281	   15.428 -0.701063  0.364648   -0.0823   0.36334  0.139571 -0.127633
-0.278259 -0.849591 -0.173149  -2.18833 -0.019256   1.40151   0.01302	  15.3282 -0.648774  0.454988 -0.092088  0.360701  0.136396 -0.134421
-0.262958 -0.850227 -0.172673  -2.18843 -0.018896   1.40164  0.012885	  15.2744 -0.622683  0.497353 -0.097603  0.359473  0.134716 -0.136599
-0.247711 -0.850836 -0.172155  -2.18853 -0.018537   1.40178  0.012747	  15.2193 -0.596382  0.538258  -0.10321  0.358162  0.132924 -0.138596
 -0.23252 -0.851419 -0.171597  -2.18863  -0.01818   1.40191  0.012608	  15.1631 -0.569902  0.577731 -0.108905  0.356782  0.131035 -0.140472
 -0.23252 -0.851419 -0.171597  -2.18863  -0.01818   1.40191  0.012608	  15.1631 -0.569902  0.577731 -0.108905  0.356782  0.131035 -0.140472
-0.202308 -0.852506 -0.170366  -2.18886 -0.017469   1.40217  0.012323	  15.0487 -0.516066  0.653141 -0.120191  0.353956  0.126856 -0.144172
-0.187289 -0.853008 -0.169695  -2.18898 -0.017116   1.40229  0.012178	  14.9891 -0.489238  0.688488 -0.126173  0.352432  0.124818 -0.145626
-0.187289 -0.853008 -0.169695  -2.18898 -0.017116   1.40229  0.012178	  14.9891 -0.489238  0.688488 -0.126173  0.352432  0.124818 -0.145626
-0.157432 -0.853933  -0.16825  -2.18925 -0.016414   1.40254  0.011884	  14.8681 -0.434918  0.755866 -0.137936  0.349396  0.120221 -0.148691
-0.142596 -0.854354 -0.167479  -2.18939 -0.016066   1.40266  0.011735	  14.8053 -0.407975  0.787351 -0.144115  0.347799  0.118013 -0.149918
-0.127822 -0.854749 -0.166676  -2.18954 -0.015719   1.40278  0.011584	  14.7416 -0.381034  0.817611 -0.150312  0.346192   0.11568 -0.151141
-0.113113 -0.855117 -0.165844  -2.18969 -0.015373   1.40289  0.011432	  14.6769 -0.354118  0.846679 -0.156528   0.34458  0.113255 -0.152296
-0.113113 -0.855117 -0.165844  -2.18969 -0.015373   1.40289  0.011432	  14.6769 -0.354118  0.846679 -0.156528   0.34458  0.113255 -0.152296
 -0.08389 -0.855771 -0.164095  -2.19002 -0.014687   1.40311  0.011126	   14.546 -0.299947  0.901888 -0.168656  0.341452  0.107885 -0.154555
-0.069378 -0.856058  -0.16318  -2.19019 -0.014347   1.40322  0.010971	  14.4786 -0.273263  0.927543 -0.174977  0.339825  0.105444 -0.155392
-0.069378 -0.856058  -0.16318  -2.19019 -0.014347   1.40322  0.010971	  14.4786 -0.273263  0.927543 -0.174977  0.339825  0.105444 -0.155392
-0.054934 -0.856318  -0.16224  -2.19037 -0.014008   1.40332  0.010815	  14.4104 -0.246686  0.952123 -0.181277    0.3382  0.102886 -0.156227
-0.040557 -0.856551 -0.161276  -2.19055  -0.01367   1.40342  0.010658	  14.3424 -0.219715  0.976159  -0.18722  0.336696  0.099904 -0.157148
 -0.01201 -0.856937 -0.159278  -2.19094    -0.013   1.40362  0.010342	  14.2041 -0.166221   1.02114 -0.199105  0.333687  0.093875 -0.158723
 0.002158  -0.85709 -0.158247  -2.19114 -0.012667   1.40371  0.010183	  14.1327 -0.140322   1.04167 -0.205519  0.332032  0.091575 -0.159115
 0.016255 -0.857217 -0.157195  -2.19135 -0.012336    1.4038  0.010024	  14.0607 -0.114604   1.06127 -0.211842  0.330381  0.089042 -0.159582
 0.030279 -0.857319 -0.156125  -2.19156 -0.012006   1.40389  0.009864	  13.9879 -0.089088   1.07997 -0.218088  0.328737  0.086361 -0.160018
  0.04423 -0.857396 -0.155036  -2.19178 -0.011678   1.40397  0.009704	  13.9145  -0.06379   1.09779 -0.224266  0.327097  0.083589 -0.160398
  0.04423 -0.857396 -0.155036  -2.19178 -0.011678   1.40397  0.009704	  13.9145  -0.06379   1.09779 -0.224266  0.327097  0.083589 -0.160398
 0.071911 -0.857473 -0.152806  -2.19224 -0.011027   1.40413  0.009383	  13.7666 -0.013374   1.13136 -0.236089  0.323981  0.077401 -0.161091
  0.08564 -0.857474 -0.151667  -2.19248 -0.010704   1.40421  0.009221	  13.6913  0.011161    1.1467 -0.242145  0.322321  0.074727 -0.161241
 0.099294 -0.857451 -0.150513  -2.19273 -0.010383   1.40428   0.00906	  13.6155  0.035431   1.16127 -0.248105  0.320662  0.071944 -0.161371
 0.112871 -0.857404 -0.149345  -2.19298 -0.010063   1.40435  0.008899	  13.5392  0.059423   1.17511 -0.253973     0.319  0.069096 -0.161463
 0.126372 -0.857332 -0.148163  -2.19324 -0.009745   1.40442  0.008737	  13.4623  0.083126   1.18822 -0.259751  0.317333  0.066206 -0.161504
 0.126372 -0.857332 -0.148163  -2.19324 -0.009745   1.40442  0.008737	  13.4623  0.083126   1.18822 -0.259751  0.317333  0.066206 -0.161504
 0.153142 -0.857119 -0.145762  -2.19377 -0.009113   1.40455  0.008414	  13.3076   0.13015   1.21279 -0.270718  0.314156  0.059813 -0.161503
 0.153142 -0.857119 -0.145762  -2.19377 -0.009113   1.40455  0.008414	  13.3076   0.13015   1.21279 -0.270718  0.314156  0.059813 -0.161503
   0.1796 -0.856813 -0.143314  -2.19432 -0.008489   1.40466  0.008091	  13.151  0.17585  1.23472 -0.28149  0.31088 0.053893 -0.16123
 0.192712 -0.856627 -0.142075   -2.1946 -0.008179   1.40471   0.00793	  13.0719  0.197928   1.24455 -0.286924  0.309102  0.051285 -0.161013
 0.192712 -0.856627 -0.142075   -2.1946 -0.008179   1.40471   0.00793	  12.9923  0.219673   1.25379 -0.292222  0.307314  0.048556 -0.160759
 0.218698 -0.856187 -0.139568  -2.19519 -0.007565   1.40481   0.00761	  12.9162  0.241002   1.26104 -0.297212  0.304121  0.045946 -0.158791
 0.231574 -0.855936 -0.138303  -2.19549 -0.007261   1.40486   0.00745	  12.8357  0.262048   1.26933 -0.302298  0.302576  0.043068 -0.159814
 0.244369 -0.855664  -0.13703  -2.19579  -0.00696    1.4049  0.007291	  12.7548  0.282735    1.2771 -0.307267  0.300997  0.040199 -0.159737
 0.257083 -0.855371 -0.135749   -2.1961 -0.006659   1.40494  0.007131	  12.6737  0.303064   1.28437 -0.312118  0.299364  0.037341 -0.159393
 0.257083 -0.855371 -0.135749   -2.1961 -0.006659   1.40494  0.007131	  12.6737  0.303064   1.28437 -0.312118  0.299364  0.037341 -0.159393
 0.282268 -0.854725 -0.133167  -2.19674 -0.006064   1.40501  0.006813	  12.5109  0.343127   1.29783 -0.321161  0.296162  0.031046 -0.158504
 0.294738 -0.854372 -0.131866  -2.19706 -0.005769   1.40504  0.006655	   12.429  0.362329   1.30364 -0.325739  0.294322  0.028522 -0.157962
 0.294738 -0.854372 -0.131866  -2.19706 -0.005769   1.40504  0.006655	   12.429  0.362329   1.30364 -0.325739  0.294322  0.028522 -0.157962
 0.319431 -0.853609 -0.129248  -2.19772 -0.005184   1.40509   0.00634	  12.2647  0.400105   1.31436 -0.334177  0.290733  0.022672 -0.156812
 0.331655   -0.8532 -0.127931  -2.19806 -0.004894   1.40511  0.006184	  12.1821  0.418162   1.31889 -0.338411  0.288722  0.020253 -0.156179
 0.343796 -0.852773  -0.12661   -2.1984 -0.004606   1.40513  0.006028	  12.0994  0.435843   1.32304 -0.342488  0.286677  0.017732 -0.155516
 0.355854 -0.852329 -0.125285  -2.19874 -0.004321   1.40514  0.005873	  12.0165  0.453143   1.32681  -0.34642  0.284596  0.015162 -0.154819
 0.355854 -0.852329 -0.125285  -2.19874 -0.004321   1.40514  0.005873	  12.0165  0.453143   1.32681  -0.34642  0.284596  0.015162 -0.154819
 0.367829 -0.851867 -0.123957  -2.19909 -0.004037   1.40516  0.005718	  11.9335  0.470059   1.33024 -0.350215  0.282481  0.012576 -0.154092
 0.379721 -0.851389 -0.122625  -2.19944 -0.003756   1.40517  0.005564	  11.8504  0.487052    1.3337 -0.353605  0.280543  0.009365 -0.153335
 0.403255 -0.850382 -0.119951  -2.20016 -0.003199   1.40518  0.005259	  11.6839  0.519849   1.33963 -0.360072  0.276512  0.003243 -0.151735
 0.403255 -0.850382 -0.119951  -2.20016 -0.003199   1.40518  0.005259	  11.6839  0.519849   1.33963 -0.360072  0.276512  0.003243 -0.151735
 0.426456 -0.849311 -0.117268  -2.20088  -0.00265   1.40518  0.004957	  11.5171  0.550505   1.34386 -0.366671  0.271921 -0.000997 -0.150093
 0.437932 -0.848754 -0.115923  -2.20125  -0.00238   1.40518  0.004808	  11.4336  0.565031   1.34533 -0.369854  0.269461 -0.003043 -0.149205
 0.449323 -0.848181 -0.114578  -2.20162 -0.002112   1.40518  0.004659	    11.35  0.579178   1.34655 -0.372865  0.266985 -0.005231 -0.148298
 0.449323 -0.848181 -0.114578  -2.20162 -0.002112   1.40518  0.004659	    11.35  0.579178   1.34655 -0.372865  0.266985 -0.005231 -0.148298
 0.471856 -0.846996 -0.111882  -2.20237 -0.001582   1.40516  0.004364	  11.1828  0.606737   1.34865   -0.3782  0.262164 -0.010355 -0.146382
 0.482997 -0.846382 -0.110534  -2.20275 -0.001322   1.40515  0.004218	  11.0993  0.619712   1.34912 -0.380856  0.259581 -0.012384 -0.145437
 0.494055 -0.845756 -0.109184  -2.20314 -0.001063   1.40514  0.004074	  11.0993  0.619712   1.34912 -0.380856  0.259581 -0.012384 -0.145437
 0.494055 -0.845756 -0.109184  -2.20314 -0.001063   1.40514  0.004074	  11.0158  0.632308   1.34937 -0.383356  0.256981 -0.014501 -0.144449
 0.515915 -0.844467 -0.106483  -2.20391 -0.000553    1.4051  0.003785	  10.8454  0.657143   1.35123 -0.387589  0.253196 -0.020076 -0.143756
 0.526718 -0.843804 -0.105132   -2.2043 -0.000301   1.40508  0.003642	  10.7623   0.66857    1.3507 -0.389803  0.250219 -0.021703 -0.141624
 0.526718 -0.843804 -0.105132   -2.2043 -0.000301   1.40508  0.003642	  10.6792  0.679629   1.34998 -0.391844  0.247242 -0.023519 -0.140314
 0.537439  -0.84313 -0.103782  -2.20469  -5.2e-05   1.40506  0.003501	  10.5994  0.690358   1.34794 -0.393609  0.243209 -0.025366 -0.137818
 0.558638 -0.841749 -0.101086  -2.20547  0.000434   1.40501  0.003225	  10.5195   0.70071   1.34586 -0.395267  0.239409 -0.027273 -0.136461
 0.558638 -0.841749 -0.101086  -2.20547  0.000434   1.40501  0.003225	  10.5195   0.70071   1.34586 -0.395267  0.239409 -0.027273 -0.136461
 0.569116 -0.841044 -0.099741  -2.20587  0.000672   1.40498  0.003088	  10.3531  0.720558   1.34415 -0.398274  0.234494 -0.031827 -0.136884
 0.579511 -0.840328 -0.098396  -2.20627  0.000908   1.40495  0.002951	  10.3531  0.720558   1.34415 -0.398274  0.234494 -0.031827 -0.136884
 0.589824 -0.839603 -0.097053  -2.20667  0.001141   1.40492  0.002816	  10.2734  0.729784   1.34171 -0.399656  0.230808 -0.033464 -0.133722
 0.610205 -0.838125 -0.094372  -2.20747  0.001597   1.40485  0.002552	  10.1076   0.74773   1.33954 -0.401868  0.225921  -0.03807 -0.131534
 0.620271 -0.837373 -0.093033  -2.20787  0.001822   1.40481   0.00242	  10.0253  0.755801   1.33779  -0.40311  0.223182 -0.039413 -0.131242
 0.630256 -0.836614 -0.091697  -2.20827  0.002044   1.40477  0.002289	  10.0253  0.755801   1.33779  -0.40311  0.223182 -0.039413 -0.131242
 0.640156 -0.835846 -0.090361  -2.20868  0.002263   1.40473  0.002159	  9.85795   0.77116   1.33537  -0.40505  0.218749 -0.043026 -0.130489
 0.649973 -0.835072 -0.089027  -2.20908   0.00248   1.40468   0.00203	  9.77653  0.778193   1.33306 -0.405884  0.215634 -0.044449 -0.128203
 0.659709  -0.83429 -0.087695  -2.20949  0.002694   1.40464  0.001902	   9.6953  0.784892   1.33062  -0.40658   0.21249 -0.045957 -0.126761
 0.669364 -0.833502 -0.086366   -2.2099  0.002905   1.40459  0.001776	   9.6143  0.791253   1.32806 -0.407153  0.209338 -0.047502 -0.125494
 0.678938 -0.832708 -0.085039   -2.2103  0.003113   1.40454  0.001651	  9.53354  0.797279   1.32539 -0.407613   0.20618 -0.049051 -0.124267
 0.688431 -0.831908 -0.083715  -2.21071  0.003318   1.40449  0.001527	  9.45304  0.802972   1.32261 -0.407965  0.203017  -0.05059 -0.123043
 0.697844 -0.831102 -0.082394  -2.21112  0.003519   1.40444  0.001405	  9.37281  0.808336   1.31973 -0.408213  0.199846 -0.052104 -0.121814
 0.697844 -0.831102 -0.082394  -2.21112  0.003519   1.40444  0.001405	  9.37281  0.808336   1.31973 -0.408213  0.199846 -0.052104 -0.121814
  0.71643 -0.829475  -0.07976  -2.21194  0.003913   1.40433  0.001164	  9.21272   0.81836   1.31408 -0.408227  0.193609 -0.055605 -0.119281
  0.71643 -0.829475  -0.07976  -2.21194  0.003913   1.40433  0.001164	  9.13338  0.822743   1.31086 -0.408245  0.190373  -0.05679 -0.118094
 0.734698  -0.82783 -0.077139  -2.21275  0.004293   1.40422  0.000928	  9.05706    0.8269   1.30655 -0.408057  0.186239 -0.058034 -0.115669
 0.734698  -0.82783 -0.077139  -2.21275  0.004293   1.40422  0.000928	  9.05706    0.8269   1.30655 -0.408057  0.186239 -0.058034 -0.115669
 0.752655 -0.826169 -0.074533  -2.21357  0.004659    1.4041  0.000698	  8.89907  0.834349   1.30026 -0.407436  0.180231 -0.061041 -0.115044
 0.761515 -0.825333 -0.073234  -2.21398  0.004838   1.40404  0.000583	  8.82091  0.837483   1.29674 -0.407116  0.177109 -0.062072 -0.113312
 0.770297 -0.824494 -0.071939  -2.21438  0.005013   1.40398  0.000471	  8.74309  0.840324    1.2931 -0.406684  0.173952 -0.063164  -0.11195
 0.770297 -0.824494 -0.071939  -2.21438  0.005013   1.40398  0.000471	  8.74309  0.840324    1.2931 -0.406684  0.173952 -0.063164  -0.11195
 0.787628 -0.822808  -0.06936   -2.2152  0.005355   1.40385  0.000249	  8.58795  0.845356   1.28601 -0.405374  0.167697 -0.065873  -0.10933
 0.796177 -0.821962 -0.068076   -2.2156  0.005521   1.40378  0.000141	  8.51122  0.847323   1.28206 -0.404713  0.164448  -0.06677 -0.108138
  0.80465 -0.821113 -0.066796  -2.21601  0.005684   1.40372   3.3e-05	  8.43487  0.849012   1.27803  -0.40395  0.161197 -0.067726 -0.106902
 0.813047 -0.820264  -0.06552  -2.21641  0.005843   1.40365  -7.3e-05	  8.35889  0.850426   1.27391 -0.403094  0.157944 -0.068702  -0.10565
 0.813047 -0.820264  -0.06552  -2.21641  0.005843   1.40365  -7.3e-05	  8.35889  0.850426   1.27391 -0.403094  0.157944 -0.068702  -0.10565
 0.829614 -0.818561 -0.062981  -2.21721  0.006153   1.40351 -0.000282	   8.2075  0.852632   1.26588  -0.40099  0.151525 -0.071106 -0.103074
 0.837784 -0.817708 -0.061717  -2.21761  0.006303   1.40344 -0.000384	  8.13271  0.853232   1.26148 -0.399942  0.148234  -0.07185 -0.101873
 0.845879 -0.816854 -0.060458  -2.21801  0.006449   1.40336 -0.000486	  8.05832  0.853576     1.257 -0.398802  0.144952 -0.072644 -0.100639
 0.853901 -0.816001 -0.059203  -2.21841  0.006593   1.40329 -0.000586	  7.98433  0.853665   1.25244 -0.397581  0.141679 -0.073454 -0.099391
 0.853901 -0.816001 -0.059203  -2.21841  0.006593   1.40329 -0.000586	  7.91074  0.853505   1.24781 -0.396282  0.138415 -0.074261 -0.098147
 0.861848 -0.815147 -0.057953  -2.21881  0.006733   1.40322 -0.000684	  7.91074  0.853505   1.24781 -0.396282  0.138415 -0.074261 -0.098147
 0.869724 -0.814294 -0.056708   -2.2192  0.006869   1.40314 -0.000781	  7.83993  0.853203   1.24223 -0.394846  0.134386   -0.0751 -0.095838
 0.885257 -0.812588 -0.054233  -2.21999  0.007131   1.40299 -0.000971	  7.69348   0.85196   1.23353 -0.391677  0.128198  -0.07748 -0.094092
 0.892915 -0.811737 -0.053001  -2.22038  0.007258   1.40291 -0.001065	  7.62151  0.850813   1.22862 -0.390219  0.125059  -0.07782 -0.093158
   0.9005 -0.810887 -0.051775  -2.22077  0.007382   1.40284 -0.001157	  7.54998  0.849444   1.22363  -0.38866  0.121926 -0.078285 -0.091997
   0.9005 -0.810887 -0.051775  -2.22077  0.007382   1.40284 -0.001157	  7.54998  0.849444   1.22363  -0.38866  0.121926 -0.078285 -0.091997
 0.908015 -0.810038 -0.050554  -2.22116  0.007502   1.40276 -0.001249	  7.47888  0.847854   1.21856  -0.38702  0.118793  -0.07881 -0.090794
  0.92283 -0.808346 -0.048127  -2.22193  0.007733    1.4026 -0.001428	  7.33679  0.844271   1.20905 -0.383316  0.112671 -0.080664 -0.088234
 0.930132 -0.807503  -0.04692  -2.22231  0.007844   1.40252 -0.001515	  7.26709  0.842023   1.20368 -0.381551  0.109491   -0.0809 -0.087109
 0.937365 -0.806662 -0.045719  -2.22269  0.007952   1.40244 -0.001602	  7.19784  0.839574   1.19824   -0.3797  0.106336 -0.081242 -0.085928
 0.944528 -0.805824 -0.044524  -2.22307  0.008057   1.40235 -0.001687	  7.12904  0.836925   1.19273 -0.377775  0.103204 -0.081635 -0.084732
 0.944528 -0.805824 -0.044524  -2.22307  0.008057   1.40235 -0.001687	  7.12904  0.836925   1.19273 -0.377775  0.103204 -0.081635 -0.084732
 0.958649 -0.804156  -0.04215  -2.22382  0.008257   1.40219 -0.001854	  6.99217  0.831134   1.18192 -0.373648  0.097043 -0.082825 -0.082285
 0.965608 -0.803326 -0.040971  -2.22419  0.008353   1.40211 -0.001936	  6.92475    0.8279   1.17617 -0.371584   0.09395 -0.083083 -0.081148
 0.965608 -0.803326 -0.040971  -2.22419  0.008353   1.40211 -0.001936	   6.8578  0.824483   1.17036 -0.369457  0.090888 -0.083385  -0.07998
 0.979325 -0.801677  -0.03863  -2.22493  0.008534   1.40194 -0.002095	  6.79336  0.820996   1.16371 -0.367224  0.087176 -0.083777 -0.077851
 0.986085 -0.800858  -0.03747   -2.2253   0.00862   1.40186 -0.002173	  6.72718  0.817216   1.15784  -0.36501  0.084307 -0.084055 -0.077472
 0.986085 -0.800858  -0.03747   -2.2253   0.00862   1.40186 -0.002173	  6.72718  0.817216   1.15784  -0.36501  0.084307 -0.084055 -0.077472
 0.992779 -0.800043 -0.036315  -2.22566  0.008703   1.40177  -0.00225	  6.66148  0.813264   1.15191 -0.362743   0.08146 -0.084335  -0.07649
  1.00597 -0.798424 -0.034022  -2.22638   0.00886    1.4016 -0.002401	  6.53026   0.80499   1.14063   -0.3579  0.075878 -0.085537 -0.074278
  1.01247 -0.797622 -0.032885  -2.22674  0.008935   1.40152 -0.002475	  6.46606  0.800539   1.13441 -0.355559  0.073009 -0.085506 -0.073101
   1.0189 -0.796823 -0.031753  -2.22709  0.009006   1.40143 -0.002547	  6.40233  0.795937   1.12813 -0.353151  0.070164  -0.08556 -0.071963
  1.02527  -0.79603 -0.030629  -2.22745  0.009075   1.40135 -0.002619	  6.33906  0.791186   1.12179 -0.350688  0.067347 -0.085659 -0.070842
  1.03158 -0.795241  -0.02951   -2.2278  0.009141   1.40126 -0.002689	  6.27626  0.786289   1.11538 -0.348177  0.064556 -0.085774 -0.069726
  1.03783 -0.794457 -0.028398  -2.22814  0.009204   1.40117 -0.002758	  6.21393   0.78125   1.10891 -0.345625  0.061795 -0.085893  -0.06862
  1.03783 -0.794457 -0.028398  -2.22814  0.009204   1.40117 -0.002758	  6.21393   0.78125   1.10891 -0.345625  0.061795 -0.085893  -0.06862
  1.05013 -0.792905 -0.026193  -2.22883  0.009322     1.401 -0.002893	  6.09007   0.77079   1.09613 -0.340338  0.056369 -0.086396 -0.066372
  1.05619 -0.792137   -0.0251  -2.22917  0.009377   1.40091 -0.002959	  6.02918  0.765344   1.08944 -0.337703  0.053673 -0.086356 -0.065326
  1.06219 -0.791375 -0.024014  -2.22951   0.00943   1.40083 -0.003024	  5.96876  0.759772   1.08269 -0.335024  0.051013 -0.086342 -0.064257
  1.06813 -0.790618 -0.022935  -2.22984  0.009479   1.40074 -0.003087	  5.90881  0.754078   1.07588 -0.332306  0.048388  -0.08634 -0.063191
  1.07401 -0.789866 -0.021863  -2.23017  0.009526   1.40066  -0.00315	  5.84933  0.748266   1.06901 -0.329554  0.045799 -0.086335 -0.062136
  1.07401 -0.789866 -0.021863  -2.23017  0.009526   1.40066  -0.00315	  5.84933  0.748266   1.06901 -0.329554  0.045799 -0.086335 -0.062136
  1.08559 -0.788382 -0.019738  -2.23082  0.009613   1.40048 -0.003272	 5.73116 0.736306  1.05544  -0.3239 0.040725 -0.08656 -0.05998
  1.08559 -0.788382 -0.019738  -2.23082  0.009613   1.40048 -0.003272	 5.73116 0.736306  1.05544  -0.3239 0.040725 -0.08656 -0.05998
  1.09129 -0.787649 -0.018686  -2.23115  0.009652    1.4004 -0.003332	  5.61493  0.723905   1.04158  -0.31818  0.035745  -0.08651 -0.057935
  1.10252 -0.786201 -0.016604  -2.23178  0.009724   1.40022 -0.003447	  5.55954  0.717658   1.03373 -0.315283  0.032729 -0.086405  -0.05609
  1.10805 -0.785486 -0.015574   -2.2321  0.009755   1.40014 -0.003503	  5.50279  0.711205   1.02656 -0.312397   0.03044 -0.086189 -0.055761
  1.11353 -0.784778 -0.014551  -2.23241  0.009784   1.40005 -0.003558	  5.44652  0.704661   1.01933 -0.309474   0.02819 -0.086003 -0.054913
  1.11353 -0.784778 -0.014551  -2.23241  0.009784   1.40005 -0.003558	  5.39072  0.698029   1.01204 -0.306521  0.025966 -0.085829 -0.053958
  1.12431 -0.783382 -0.012527  -2.23302  0.009836   1.39988 -0.003666	  5.33703  0.691415   1.00408 -0.303515   0.02321 -0.085759  -0.05217
  1.12962 -0.782694 -0.011527  -2.23332  0.009858   1.39979 -0.003718	  5.28204  0.684611  0.996764 -0.300528  0.021145 -0.085534 -0.051852
  1.12962 -0.782694 -0.011527  -2.23332  0.009858   1.39979 -0.003718	  5.22753  0.677731   0.98939 -0.297513  0.019103 -0.085317 -0.051034
  1.14007 -0.781339 -0.009548  -2.23392  0.009896   1.39962  -0.00382	  5.17509  0.670876  0.981354 -0.294451  0.016533 -0.085205 -0.049313
  1.14522 -0.780671 -0.008571  -2.23421  0.009912   1.39954 -0.003869	  5.12141  0.663846  0.973936 -0.291406  0.014627 -0.084933 -0.049013
  1.14522 -0.780671 -0.008571  -2.23421  0.009912   1.39954 -0.003869	   5.0682  0.656749  0.966464 -0.288337  0.012735 -0.084669  -0.04822
  1.15536 -0.779358 -0.006638  -2.23479  0.009937   1.39937 -0.003965	  5.01702  0.649686  0.958346 -0.285223  0.010318 -0.084512 -0.046542
  1.16035 -0.778712 -0.005684  -2.23507  0.009946   1.39928 -0.004011	  4.96464  0.642459  0.950827 -0.282128  0.008545 -0.084196 -0.046256
  1.16529 -0.778073 -0.004736  -2.23535  0.009954    1.3992 -0.004057	  4.91274  0.635177  0.943255 -0.279009   0.00678 -0.083886 -0.045487
  1.16529 -0.778073 -0.004736  -2.23535  0.009954    1.3992 -0.004057	  4.91274  0.635177  0.943255 -0.279009   0.00678 -0.083886 -0.045487
  1.17501 -0.776817 -0.002865   -2.2359  0.009964   1.39903 -0.004146	  4.80977   0.62041  0.928213 -0.272681  0.003273 -0.083453 -0.043702
  1.17501 -0.776817 -0.002865   -2.2359  0.009964   1.39903 -0.004146	  4.80977   0.62041  0.928213 -0.272681  0.003273 -0.083453 -0.043702
  1.18453 -0.775591 -0.001024  -2.23644  0.009967   1.39887 -0.004232	  4.70869  0.605447  0.912899  -0.26632 -0.000248 -0.082838 -0.041901
  1.18922  -0.77499 -0.000115  -2.23671  0.009966   1.39878 -0.004273	  4.65913  0.597928  0.905019 -0.263136 -0.001997 -0.082405 -0.041042
  1.19385 -0.774395  0.000786  -2.23697  0.009963    1.3987 -0.004314	  4.61001  0.590371  0.897099 -0.259933 -0.003719 -0.081996 -0.040183
  1.19844 -0.773809  0.001679  -2.23723  0.009959   1.39862 -0.004354	  4.56132  0.582779  0.889139 -0.256714 -0.005413 -0.081597 -0.039324
  1.20297  -0.77323  0.002564  -2.23748  0.009952   1.39854 -0.004393	  4.51307  0.575152  0.881142 -0.253482 -0.007078 -0.081198 -0.038472
  1.20746 -0.772659  0.003441  -2.23773  0.009945   1.39846 -0.004431	  4.46525  0.567495   0.87311 -0.250239 -0.008711 -0.080798 -0.037629
   1.2119 -0.772095   0.00431  -2.23798  0.009935   1.39838 -0.004468	  4.41787   0.55981  0.865044 -0.246986 -0.010315  -0.08039 -0.036797
   1.2163 -0.771539  0.005171  -2.23823  0.009924    1.3983 -0.004504	  4.37091    0.5521  0.856946 -0.243726 -0.011885 -0.079974 -0.035973
  1.22065 -0.770991  0.006024  -2.23847  0.009911   1.39822  -0.00454	  4.32437  0.544366  0.848817 -0.240457 -0.013424 -0.079549 -0.035159
  1.22495  -0.77045  0.006869  -2.23871  0.009897   1.39814 -0.004575	  4.27826  0.536613  0.840659 -0.237183 -0.014929 -0.079115 -0.034349
  1.22495  -0.77045  0.006869  -2.23871  0.009897   1.39814 -0.004575	  4.27826  0.536613  0.840659 -0.237183 -0.014929 -0.079115 -0.034349
  1.23341 -0.769393  0.008534  -2.23918  0.009864   1.39798 -0.004642	  4.18679  0.520983  0.824461  -0.23059 -0.017861 -0.078373 -0.032718
  1.23758 -0.768875  0.009354   -2.2394  0.009846    1.3979 -0.004674	  4.14195  0.513185  0.816205 -0.227311 -0.019278 -0.077854 -0.031954
  1.23758 -0.768875  0.009354   -2.2394  0.009846    1.3979 -0.004674	  4.14195  0.513185  0.816205 -0.227311 -0.019278 -0.077854 -0.031954
  1.24577 -0.767865   0.01097  -2.23985  0.009804   1.39775 -0.004736	  4.05302  0.497485  0.799815 -0.220708  -0.02203 -0.076977  -0.03039
   1.2498 -0.767371  0.011766  -2.24007  0.009782   1.39767 -0.004766	  4.00942  0.489666  0.791483 -0.217418 -0.023349 -0.076427 -0.029646
   1.2498 -0.767371  0.011766  -2.24007  0.009782   1.39767 -0.004766	  4.00942  0.489666  0.791483 -0.217418 -0.023349 -0.076427 -0.029646
  1.25774 -0.766408  0.013332   -2.2405  0.009732   1.39752 -0.004824	  3.92296   0.47394  0.774938 -0.210801 -0.025906 -0.075481 -0.028129
  1.26164 -0.765937  0.014103  -2.24071  0.009706   1.39745 -0.004852	  3.88057   0.46612  0.766545 -0.207505 -0.027125 -0.074909 -0.027406
   1.2655 -0.765475  0.014865  -2.24092  0.009678   1.39737 -0.004879	  3.83858  0.458304  0.758142 -0.204205 -0.028307 -0.074353 -0.026682
  1.26931 -0.765021  0.015619  -2.24112  0.009649    1.3973 -0.004905	  3.79698  0.450493   0.74973 -0.200903 -0.029453 -0.073807 -0.025965
  1.27309 -0.764574  0.016364  -2.24132  0.009619   1.39722 -0.004931	  3.75576   0.44269   0.74131   -0.1976 -0.030563 -0.073261 -0.025258
  1.27683 -0.764135  0.017102  -2.24151  0.009588   1.39715 -0.004956	  3.71492  0.434897  0.732884 -0.194298 -0.031638 -0.072712 -0.024555
  1.28052 -0.763704   0.01783  -2.24171  0.009556   1.39708  -0.00498	  3.67446  0.427115  0.724451 -0.190998 -0.032679 -0.072161  -0.02386
  1.28418 -0.763281   0.01855  -2.24189  0.009523   1.39701 -0.005004	  3.63438  0.419346  0.716015 -0.187702 -0.033688 -0.071606 -0.023176
  1.28779 -0.762866  0.019262  -2.24208  0.009489   1.39693 -0.005026	  3.59467  0.411592  0.707575 -0.184408 -0.034664 -0.071046 -0.022495
  1.29137 -0.762458  0.019966  -2.24226  0.009454   1.39686 -0.005049	  3.55533  0.403856  0.699134 -0.181118 -0.035609 -0.070479 -0.021829
   1.2949 -0.762058   0.02066  -2.24244  0.009417   1.39679  -0.00507	  3.51637  0.396139  0.690691 -0.177833 -0.036523 -0.069911 -0.021163
   1.2984 -0.761666  0.021347  -2.24262  0.009381   1.39672 -0.005091	  3.47777  0.388442   0.68225 -0.174554 -0.037404 -0.069334  -0.02051
  1.30186 -0.761281  0.022025  -2.24279  0.009343   1.39665 -0.005111	  3.43953  0.380768   0.67381  -0.17128 -0.038257 -0.068756 -0.019863
  1.30186 -0.761281  0.022025  -2.24279  0.009343   1.39665 -0.005111	  3.43953  0.380768   0.67381  -0.17128 -0.038257 -0.068756 -0.019863
  1.30866 -0.760535  0.023356  -2.24313  0.009265   1.39652  -0.00515	  3.36372  0.365401  0.657049  -0.16473 -0.039898 -0.067682 -0.018567
  1.30866 -0.760535  0.023356  -2.24313  0.009265   1.39652  -0.00515	  3.36372  0.365401  0.657049  -0.16473 -0.039898 -0.067682 -0.018567
  1.31531 -0.759819  0.024653  -2.24345  0.009183   1.39638 -0.005185	  3.28939  0.350145  0.640274 -0.158223 -0.041439 -0.066507 -0.017312
  1.31531 -0.759819  0.024653  -2.24345  0.009183   1.39638 -0.005185	  3.28939  0.350145  0.640274 -0.158223 -0.041439 -0.066507 -0.017312
  1.32182 -0.759134  0.025917  -2.24376  0.009099   1.39625 -0.005219	  3.21649  0.335015  0.623503 -0.151747 -0.042873 -0.065305 -0.016099
  1.32502 -0.758803  0.026536  -2.24391  0.009056   1.39619 -0.005235	  3.18077   0.32755  0.615077 -0.148531  -0.04354 -0.064657 -0.015501
  1.32818 -0.758479  0.027147  -2.24406  0.009012   1.39612  -0.00525	  3.14539  0.320119  0.606665 -0.145321 -0.044177 -0.064022 -0.014911
  1.32818 -0.758479  0.027147  -2.24406  0.009012   1.39612  -0.00525	  3.11034  0.312725  0.598269  -0.14212 -0.044784 -0.063392 -0.014331
   1.3344 -0.757853  0.028343  -2.24434  0.008922     1.396 -0.005278	  3.07661  0.305418  0.589491 -0.138926 -0.045739 -0.062878 -0.013196
  1.33746 -0.757552  0.028928  -2.24448  0.008876   1.39593 -0.005291	  3.04215  0.298095  0.581176 -0.135756 -0.046221 -0.062209 -0.013082
  1.34049 -0.757257  0.029505  -2.24461   0.00883   1.39587 -0.005304	  3.00804  0.290813  0.572879 -0.132592 -0.046678  -0.06156 -0.012624
  1.34348  -0.75697  0.030074  -2.24474  0.008783   1.39581 -0.005317	  2.97426  0.283573  0.564597 -0.129438 -0.047119 -0.060919 -0.012094
  1.34348  -0.75697  0.030074  -2.24474  0.008783   1.39581 -0.005317	  2.94081  0.276375  0.556331 -0.126294 -0.047546 -0.060285 -0.011549
  1.34936 -0.756417  0.031187    -2.245  0.008687   1.39569 -0.005339	  2.90861  0.269266  0.547699 -0.123161 -0.048318 -0.059763  -0.01047
  1.35225 -0.756152   0.03173  -2.24512  0.008639   1.39563  -0.00535	  2.87573  0.262152  0.539514 -0.120053 -0.048645 -0.059087 -0.010376
  1.35511 -0.755893  0.032266  -2.24524   0.00859   1.39557  -0.00536	  2.84319  0.255085  0.531349 -0.116954 -0.048957 -0.058431 -0.009945
  1.35794 -0.755641  0.032793  -2.24535  0.008541   1.39551  -0.00537	  2.81097  0.248064  0.523201 -0.113866  -0.04926 -0.057784 -0.009448
  1.36073 -0.755397  0.033312  -2.24546  0.008492   1.39546 -0.005379	  2.77906  0.241092   0.51507 -0.110791 -0.049556 -0.057143 -0.008939
  1.36073 -0.755397  0.033312  -2.24546  0.008492   1.39546 -0.005379	  2.77906  0.241092   0.51507 -0.110791 -0.049556 -0.057143 -0.008939
   1.3635 -0.755159  0.033823  -2.24558  0.008442    1.3954 -0.005388	  2.74747  0.234168   0.50696 -0.107731 -0.049843 -0.056504 -0.008434
  1.36893 -0.754705  0.034821  -2.24578  0.008342   1.39529 -0.005403	  2.71585  0.227195   0.49892 -0.104665 -0.050127 -0.055924  -0.00792
   1.3716 -0.754488  0.035308  -2.24588  0.008291   1.39523 -0.005411	  2.65271  0.213364  0.483251 -0.098581 -0.050328 -0.054643 -0.007421
  1.37424 -0.754278  0.035787  -2.24598  0.008241   1.39518 -0.005418	  2.62245  0.206652  0.475163 -0.095582 -0.050647 -0.053992 -0.006537
  1.37424 -0.754278  0.035787  -2.24598  0.008241   1.39518 -0.005418	  2.62245  0.206652  0.475163 -0.095582 -0.050647 -0.053992 -0.006537
  1.37684 -0.754075  0.036258  -2.24607   0.00819   1.39512 -0.005424	  2.59248   0.19999  0.467107   -0.0926 -0.050946 -0.053346 -0.005972
  1.38197 -0.753688  0.037177  -2.24625  0.008088   1.39502 -0.005435	  2.53277  0.186632  0.451149 -0.086642 -0.051514 -0.052168 -0.004899
  1.38449 -0.753505  0.037624  -2.24634  0.008036   1.39497  -0.00544	  2.50369  0.180134  0.443182 -0.083719 -0.051744 -0.051495 -0.004512
  1.38698 -0.753328  0.038063  -2.24642  0.007984   1.39492 -0.005444	  2.47488  0.173692  0.435254  -0.08081 -0.051946 -0.050838 -0.004075
  1.38944 -0.753157  0.038494   -2.2465  0.007932   1.39487 -0.005448	  2.44636  0.167305  0.427366 -0.077918 -0.052124 -0.050193 -0.003634
  1.39187 -0.752993  0.038918  -2.24658   0.00788   1.39482 -0.005451	  2.41811  0.160974  0.419516 -0.075044 -0.052278 -0.049556 -0.003195
  1.39427 -0.752835  0.039333  -2.24665  0.007828   1.39477 -0.005454	  2.39014  0.154699  0.411706  -0.07219 -0.052413 -0.048923 -0.002764
  1.39665 -0.752684  0.039741  -2.24672  0.007775   1.39472 -0.005457	  2.36244  0.148481  0.403936 -0.069355 -0.052527 -0.048294 -0.002337
  1.39665 -0.752684  0.039741  -2.24672  0.007775   1.39472 -0.005457	  2.36244  0.148481  0.403936 -0.069355 -0.052527 -0.048294 -0.002337
  1.40132 -0.752399  0.040534  -2.24686   0.00767   1.39462 -0.005461	  2.30756  0.136123  0.388523 -0.063722 -0.052714  -0.04708 -0.001482
  1.40361 -0.752266  0.040918  -2.24692  0.007617   1.39458 -0.005462	  2.28069  0.130081  0.380869 -0.060951 -0.052778 -0.046442 -0.001074
  1.40361 -0.752266  0.040918  -2.24692  0.007617   1.39458 -0.005462	  2.28069  0.130081  0.380869 -0.060951 -0.052778 -0.046442 -0.001074
  1.40588 -0.752139  0.041295  -2.24698  0.007564   1.39453 -0.005463	  2.25407  0.124097  0.373257   -0.0582 -0.052823  -0.04581 -0.000671
  1.41033 -0.751903  0.042027  -2.24709  0.007459   1.39444 -0.005463	  2.20106   0.11212  0.358161 -0.052711 -0.052895 -0.044635  0.000142
  1.41252 -0.751793  0.042381  -2.24714  0.007406    1.3944 -0.005463	  2.17525  0.106319  0.350667 -0.050027 -0.052901 -0.043988  0.000526
  1.41252 -0.751793  0.042381  -2.24714  0.007406    1.3944 -0.005463	  2.17525  0.106319  0.350667 -0.050027 -0.052901 -0.043988  0.000526
  1.41682 -0.751592  0.043068  -2.24723    0.0073   1.39431 -0.005461	  2.12412  0.094805  0.335808 -0.044695 -0.052879 -0.042763  0.001298
 1.41893  -0.7515   0.0434 -2.24728 0.007247  1.39427 -0.00546	  2.09908  0.089187  0.328446 -0.042075 -0.052843 -0.042137  0.001667
  1.42102 -0.751414  0.043724  -2.24732  0.007194   1.39422 -0.005458	  2.07429   0.08363  0.321132 -0.039475 -0.052791 -0.041521  0.002036
  1.42102 -0.751414  0.043724  -2.24732  0.007194   1.39422 -0.005458	  2.04974  0.078134  0.313867 -0.036898 -0.052726 -0.040912  0.002396
  1.42512 -0.751257  0.044352  -2.24739  0.007089   1.39414 -0.005453	   2.0261  0.072716  0.306347 -0.034343 -0.052934 -0.040406  0.003181
  1.42714 -0.751187  0.044655  -2.24742  0.007036    1.3941  -0.00545	  2.00198  0.067341  0.299212 -0.031819 -0.052792 -0.039769   0.00319
  1.42912 -0.751123  0.044951  -2.24746  0.006983   1.39406 -0.005446	  1.97812  0.062027  0.292126 -0.029316 -0.052638 -0.039151  0.003459
  1.43109 -0.751063  0.045239  -2.24748   0.00693   1.39402 -0.005443	  1.95449  0.056777  0.285086 -0.026834 -0.052481 -0.038547  0.003778
  1.43303 -0.751009  0.045521  -2.24751  0.006878   1.39399 -0.005439	  1.93111  0.051588  0.278092 -0.024374 -0.052319 -0.037951  0.004112
  1.43303 -0.751009  0.045521  -2.24751  0.006878   1.39399 -0.005439	  1.93111  0.051588  0.278092 -0.024374 -0.052319 -0.037951  0.004112
  1.43495  -0.75096  0.045795  -2.24753  0.006826   1.39395 -0.005434	  1.90796  0.046461  0.271145 -0.021939 -0.052154 -0.037362  0.004442
  1.43685 -0.750916  0.046063  -2.24755  0.006774   1.39391  -0.00543	  1.88481  0.041309  0.264224 -0.019501 -0.051987 -0.036801  0.004775
  1.44057 -0.750844  0.046578  -2.24759   0.00667   1.39384  -0.00542	   1.8392  0.031194  0.250519   -0.0147 -0.051644 -0.035682  0.005423
   1.4424 -0.750815  0.046825   -2.2476  0.006619    1.3938 -0.005414	  1.81701  0.026321  0.243751 -0.012365  -0.05147 -0.035082  0.005741
  1.44421 -0.750791  0.047065  -2.24761  0.006567   1.39377 -0.005408	  1.79505   0.02151  0.237034 -0.010053 -0.051288 -0.034499  0.006046
  1.44599 -0.750772  0.047299  -2.24762  0.006516   1.39373 -0.005402	   1.7733  0.016762  0.230369 -0.007765 -0.051098 -0.033924  0.006347
  1.44775 -0.750757  0.047526  -2.24763  0.006465    1.3937 -0.005395	  1.75178  0.012075  0.223757 -0.005501   -0.0509 -0.033359  0.006646
  1.44949 -0.750748  0.047746  -2.24763  0.006414   1.39367 -0.005389	  1.73048   0.00745  0.217196 -0.003262 -0.050696 -0.032799  0.006936
  1.45121 -0.750743   0.04796  -2.24763  0.006364   1.39363 -0.005382	  1.70939  0.002888  0.210688 -0.001048 -0.050484 -0.032244  0.007229
  1.45291 -0.750742  0.048168  -2.24763  0.006313    1.3936 -0.005374	  1.68852 -0.001613  0.204234  0.001141 -0.050265 -0.031695  0.007514
  1.45459 -0.750746  0.048369  -2.24763  0.006263   1.39357 -0.005367	  1.66786 -0.006053  0.197832  0.003304  -0.05004 -0.031151  0.007791
  1.45625 -0.750754  0.048564  -2.24763  0.006213   1.39354 -0.005359	  1.64741  -0.01043  0.191483  0.005441 -0.049809  -0.03061  0.008069
  1.45625 -0.750754  0.048564  -2.24763  0.006213   1.39354 -0.005359	  1.64741  -0.01043  0.191483  0.005441 -0.049809  -0.03061  0.008069
  1.45951 -0.750783  0.048934  -2.24761  0.006114   1.39348 -0.005342	  1.60693 -0.019082  0.178909  0.009668 -0.049332 -0.029563  0.008613
   1.4611 -0.750805   0.04911   -2.2476  0.006065   1.39345 -0.005333	  1.58711 -0.023274  0.172718  0.011726 -0.049086 -0.029024  0.008874
  1.46268  -0.75083  0.049279  -2.24759  0.006016   1.39342 -0.005324	   1.5675 -0.027406  0.166582   0.01376 -0.048834 -0.028496  0.009131
  1.46424 -0.750859  0.049443  -2.24757  0.005967   1.39339 -0.005315	  1.54809 -0.031476  0.160501  0.015768 -0.048576 -0.027974  0.009385
  1.46578 -0.750893    0.0496  -2.24756  0.005919   1.39337 -0.005305	  1.52888 -0.035487  0.154475   0.01775 -0.048313 -0.027457  0.009636
  1.46578 -0.750893    0.0496  -2.24756  0.005919   1.39337 -0.005305	  1.52888 -0.035487  0.154475   0.01775 -0.048313 -0.027457  0.009636
  1.46729  -0.75093  0.049752  -2.24754  0.005871   1.39334 -0.005296	  1.49085 -0.043402  0.142544  0.021664 -0.047775 -0.026451  0.010123
  1.47028 -0.751017  0.050037  -2.24749  0.005775   1.39329 -0.005275	  1.47274 -0.047232  0.136427  0.023572 -0.047735 -0.026027   0.01072
  1.47028 -0.751017  0.050037  -2.24749  0.005775   1.39329 -0.005275	  1.47274 -0.047232  0.136427  0.023572 -0.047735 -0.026027   0.01072
  1.47318 -0.751119  0.050298  -2.24744   0.00568   1.39324 -0.005254	  1.43582 -0.054787  0.124878  0.027317 -0.047089 -0.024978  0.010626
  1.47461 -0.751176   0.05042  -2.24742  0.005633   1.39321 -0.005243	  1.41777 -0.058435  0.119206  0.029143 -0.046761 -0.024477  0.011012
  1.47602 -0.751236  0.050537  -2.24739  0.005587   1.39319 -0.005232	   1.3999 -0.062024  0.113586  0.030944 -0.046438 -0.023987  0.011267
  1.47741   -0.7513  0.050647  -2.24735   0.00554   1.39316 -0.005221	  1.38223 -0.065555   0.10802  0.032719 -0.046119 -0.023502  0.011493
  1.47879 -0.751367  0.050753  -2.24732  0.005494   1.39314 -0.005209	  1.36474 -0.069027  0.102507  0.034469 -0.045799 -0.023026   0.01171
  1.48014 -0.751438  0.050853  -2.24729  0.005449   1.39312 -0.005197	  1.34743 -0.072441  0.097049  0.036192  -0.04548 -0.022553  0.011919
  1.48148 -0.751512  0.050947  -2.24725  0.005403   1.39309 -0.005185	  1.34743 -0.072441  0.097049  0.036192  -0.04548 -0.022553  0.011919
   1.4828 -0.751589  0.051036  -2.24721  0.005358   1.39307 -0.005173	  1.31272  -0.07916  0.086486  0.039583 -0.044621 -0.021557  0.011999
  1.48411  -0.75167   0.05112  -2.24717  0.005314   1.39305 -0.005161	  1.29601 -0.082399  0.081164  0.041234 -0.044341 -0.021126  0.012462
  1.48539 -0.751754  0.051198  -2.24713   0.00527   1.39303 -0.005148	  1.27946 -0.085582  0.075897  0.042857 -0.044061 -0.020691  0.012719
  1.48539 -0.751754  0.051198  -2.24713   0.00527   1.39303 -0.005148	  1.26309 -0.088709  0.070687  0.044452 -0.043775 -0.020255  0.012922
  1.48792 -0.751932   0.05134  -2.24704  0.005182   1.39299 -0.005122	  1.24733 -0.091788  0.065303  0.046027 -0.043694 -0.019895  0.013432
  1.48792 -0.751932   0.05134  -2.24704  0.005182   1.39299 -0.005122	  1.24733 -0.091788  0.065303  0.046027 -0.043694 -0.019895  0.013432
  1.48916 -0.752025  0.051402  -2.24699  0.005139   1.39297 -0.005109	  1.23126 -0.094805  0.060235  0.047564 -0.043356 -0.019435  0.013366
  1.49159  -0.75222  0.051513  -2.24689  0.005053   1.39293 -0.005082	  1.19929 -0.100804  0.050162  0.050618 -0.042673 -0.018554  0.013426
  1.49159  -0.75222  0.051513  -2.24689  0.005053   1.39293 -0.005082	  1.19929 -0.100804  0.050162  0.050618 -0.042673 -0.018554  0.013426
  1.49396 -0.752428  0.051603  -2.24679  0.004968    1.3929 -0.005055	  1.16824  -0.10651  0.040359  0.053548 -0.041984 -0.017704   0.01415
  1.49512 -0.752536  0.051641  -2.24674  0.004926   1.39288  -0.00504	  1.15304 -0.109248   0.03556  0.054962 -0.041655 -0.017286  0.014217
  1.49626 -0.752646  0.051674  -2.24668  0.004885   1.39286 -0.005026	  1.13801 -0.111933  0.030819  0.056352 -0.041321 -0.016874  0.014354
  1.49739 -0.752759  0.051703  -2.24662  0.004843   1.39284 -0.005012	  1.12314 -0.114565  0.026132  0.057717 -0.040987 -0.016469  0.014509
  1.49739 -0.752759  0.051703  -2.24662  0.004843   1.39284 -0.005012	  1.12314 -0.114565  0.026132  0.057717 -0.040987 -0.016469  0.014509
  1.49961 -0.752994  0.051746   -2.2465  0.004762   1.39281 -0.004982	  1.09372 -0.119733  0.016872  0.060396 -0.040315 -0.015678  0.014828
   1.5007 -0.753115   0.05176  -2.24644  0.004722    1.3928 -0.004967	  1.07933 -0.122207   0.01235  0.061686 -0.039981 -0.015287  0.014975
  1.50177 -0.753238  0.051771  -2.24638  0.004682   1.39278 -0.004952	   1.0651 -0.124629  0.007883  0.062951 -0.039647 -0.014902  0.015121
  1.50283 -0.753364  0.051776  -2.24632  0.004643   1.39277 -0.004937	  1.05103 -0.127001  0.003472  0.064193 -0.039313 -0.014524  0.015266
  1.50387 -0.753492  0.051778  -2.24625  0.004604   1.39275 -0.004922	  1.03711 -0.129322 -0.000885  0.065409 -0.038978 -0.014149  0.015407
   1.5049 -0.753623  0.051775  -2.24619  0.004565   1.39274 -0.004906	  1.02334 -0.131592 -0.005187  0.066601 -0.038644  -0.01378  0.015548
   1.5049 -0.753623  0.051775  -2.24619  0.004565   1.39274 -0.004906	  1.02334 -0.131592 -0.005187  0.066601 -0.038644  -0.01378  0.015548
  1.50592 -0.753755  0.051767  -2.24612  0.004526   1.39272 -0.004891	 0.996109 -0.136042 -0.013683  0.068937 -0.037973 -0.013061  0.015813
  1.50692  -0.75389  0.051756  -2.24605  0.004488   1.39271 -0.004875	 0.996109 -0.136042 -0.013683  0.068937 -0.037973 -0.013061  0.015813
  1.50791 -0.754027   0.05174  -2.24598   0.00445    1.3927 -0.004859	 0.983156 -0.138178  -0.01803  0.070064 -0.037824  -0.01277  0.016227
  1.50889 -0.754167   0.05172  -2.24591  0.004413   1.39269 -0.004843	 0.969842 -0.140307 -0.022171  0.071184 -0.037489 -0.012422  0.016361
   1.5108 -0.754451  0.051667  -2.24577  0.004338   1.39266  -0.00481	 0.943594  -0.14442 -0.030248  0.073341 -0.036757 -0.011685  0.016168
  1.51174 -0.754597  0.051635  -2.24569  0.004302   1.39265 -0.004794	 0.930859 -0.146347 -0.034153  0.074364 -0.036396 -0.011335  0.016409
  1.51266 -0.754744  0.051599  -2.24562  0.004265   1.39264 -0.004777	 0.918263 -0.148227 -0.038007  0.075365 -0.036043 -0.010997  0.016553
  1.51357 -0.754893  0.051559  -2.24554   0.00423   1.39263 -0.004761	 0.905808 -0.150061 -0.041809  0.076344 -0.035694 -0.010667  0.016666
  1.51448 -0.755044  0.051515  -2.24546  0.004194   1.39262 -0.004744	 0.893493 -0.151849  -0.04556  0.077299  -0.03535 -0.010343   0.01678
  1.51536 -0.755197  0.051468  -2.24539  0.004159   1.39261 -0.004727	 0.881316 -0.153591 -0.049259  0.078232 -0.035008 -0.010022  0.016884
  1.51624 -0.755351  0.051417  -2.24531  0.004124    1.3926  -0.00471	 0.869277 -0.155289 -0.052906  0.079143  -0.03467 -0.009708  0.016986
  1.51624 -0.755351  0.051417  -2.24531  0.004124    1.3926  -0.00471	 0.869277 -0.155289 -0.052906  0.079143  -0.03467 -0.009708  0.016986
   1.5171 -0.755507  0.051362  -2.24523   0.00409   1.39259 -0.004693	 0.857374 -0.156943 -0.056502   0.08003 -0.034334 -0.009399  0.017085
  1.51879 -0.755825  0.051242  -2.24507  0.004022   1.39257 -0.004659	 0.833703 -0.160216 -0.063649  0.081784 -0.033663 -0.008803   0.01728
  1.51962 -0.755986  0.051177  -2.24498  0.003988   1.39256 -0.004642	  0.82221 -0.161737 -0.067093  0.082604 -0.033337 -0.008502  0.017382
  1.52044 -0.756148  0.051108   -2.2449  0.003955   1.39255 -0.004624	 0.810848 -0.163215 -0.070485  0.083404 -0.033013 -0.008211  0.017475
  1.52124 -0.756312  0.051036  -2.24482  0.003922   1.39254 -0.004607	 0.799614 -0.164651 -0.073827  0.084181  -0.03269 -0.007923   0.01756
  1.52124 -0.756312  0.051036  -2.24482  0.003922   1.39254 -0.004607	 0.788509 -0.166045 -0.077117  0.084937 -0.032368  -0.00764  0.017647
  1.52204 -0.756477   0.05096  -2.24473   0.00389   1.39254 -0.004589	 0.788509 -0.166045 -0.077117  0.084937 -0.032368  -0.00764  0.017647
  1.52282 -0.756644  0.050881  -2.24465  0.003857   1.39253 -0.004571	 0.766852 -0.168775 -0.083791  0.086417 -0.031891 -0.007155  0.018052
  1.52435 -0.756982  0.050714  -2.24447  0.003793   1.39252 -0.004535	 0.756393 -0.170067 -0.087099  0.087115 -0.031706  -0.00692  0.018179
   1.5251 -0.757152  0.050625  -2.24439  0.003762   1.39251 -0.004517	 0.745745 -0.171299 -0.090152  0.087781 -0.031336 -0.006619  0.018021
  1.52584 -0.757324  0.050533   -2.2443  0.003731    1.3925 -0.004499	 0.735229  -0.17249 -0.093158  0.088428 -0.030971 -0.006336  0.018041
  1.52584 -0.757324  0.050533   -2.2443  0.003731    1.3925 -0.004499	 0.724839 -0.173642 -0.096118  0.089058 -0.030615 -0.006066  0.018099
  1.52657 -0.757497  0.050439  -2.24421    0.0037    1.3925 -0.004481	 0.724839 -0.173642 -0.096118  0.089058 -0.030615 -0.006066  0.018099
    1.528 -0.757847  0.050241  -2.24403  0.003639   1.39248 -0.004444	 0.704586 -0.175894 -0.102133   0.09029 -0.030076  -0.00561  0.018459
   1.5287 -0.758023  0.050137  -2.24394  0.003609   1.39248 -0.004426	  0.69454 -0.176931 -0.104939  0.090858  -0.02972 -0.005344   0.01834
  1.52939 -0.758201  0.050031  -2.24385   0.00358   1.39247 -0.004407	 0.684618  -0.17793   -0.1077  0.091407 -0.029369 -0.005089  0.018362
  1.53007 -0.758379  0.049922  -2.24376  0.003551   1.39247 -0.004389	 0.674817 -0.178892 -0.110416  0.091939 -0.029029 -0.004846  0.018406
  1.53074 -0.758558   0.04981  -2.24367  0.003522   1.39246 -0.004371	 0.665133 -0.179818 -0.113087  0.092452 -0.028697 -0.004611  0.018462
   1.5314 -0.758739  0.049695  -2.24357  0.003493   1.39246 -0.004352	 0.655566 -0.180708 -0.115715  0.092946 -0.028372 -0.004381  0.018518
  1.53205  -0.75892  0.049578  -2.24348  0.003465   1.39245 -0.004334	 0.646113 -0.181562 -0.118298  0.093422 -0.028054 -0.004159  0.018567
  1.53205  -0.75892  0.049578  -2.24348  0.003465   1.39245 -0.004334	 0.636774 -0.182382 -0.120838  0.093879 -0.027743 -0.003938   0.01862
  1.53333 -0.759284  0.049337  -2.24329  0.003409   1.39245 -0.004296	   0.6278 -0.183188 -0.123506   0.09433 -0.027582 -0.003777  0.018886
  1.53395 -0.759468  0.049212   -2.2432  0.003382   1.39244 -0.004277	 0.618661  -0.18394 -0.125941  0.094746 -0.027256 -0.003548  0.018756
  1.53395 -0.759468  0.049212   -2.2432  0.003382   1.39244 -0.004277	 0.618661  -0.18394 -0.125941  0.094746 -0.027256 -0.003548  0.018756
  1.53517 -0.759837  0.048955  -2.24301  0.003328   1.39244  -0.00424	 0.600615 -0.185377 -0.130729  0.095547 -0.026613 -0.003117  0.018762
  1.53577 -0.760023  0.048823  -2.24291  0.003302   1.39243 -0.004221	 0.591817 -0.186027 -0.133036  0.095913 -0.026307 -0.002914  0.018829
  1.53635 -0.760209  0.048689  -2.24282  0.003275   1.39243 -0.004202	 0.583126 -0.186645 -0.135301  0.096262 -0.026009 -0.002716  0.018872
  1.53693 -0.760396  0.048553  -2.24272   0.00325   1.39243 -0.004183	  0.57454 -0.187231 -0.137525  0.096594 -0.025716 -0.002524  0.018908
   1.5375 -0.760584  0.048414  -2.24262  0.003224   1.39243 -0.004164	  0.56606 -0.187785 -0.139707   0.09691  -0.02543 -0.002338   0.01894
  1.53807 -0.760772  0.048273  -2.24253  0.003199   1.39242 -0.004146	 0.557683 -0.188308 -0.141846  0.097208 -0.025147 -0.002154  0.018972
  1.53862  -0.76096  0.048131  -2.24243  0.003174   1.39242 -0.004127	  0.54941   -0.1888 -0.143944   0.09749 -0.024869 -0.001975  0.019007
  1.53862  -0.76096  0.048131  -2.24243  0.003174   1.39242 -0.004127	  0.54941   -0.1888 -0.143944   0.09749 -0.024869 -0.001975  0.019007
   1.5397 -0.761339  0.047839  -2.24223  0.003124   1.39242 -0.004088	 0.533068 -0.189728 -0.148065  0.098019 -0.024322  -0.00163  0.019065
  1.54023 -0.761529   0.04769  -2.24214    0.0031   1.39242 -0.004069	   0.5251 -0.190131  -0.15004  0.098251 -0.024055 -0.001459  0.019086
  1.54075 -0.761719  0.047538  -2.24204  0.003076   1.39241  -0.00405	  0.51723 -0.190504 -0.151974  0.098468 -0.023792 -0.001295  0.019108
  1.54126  -0.76191  0.047386  -2.24194  0.003053   1.39241 -0.004031	 0.509457 -0.190849 -0.153867  0.098669 -0.023532 -0.001132   0.01913
  1.54177 -0.762101  0.047231  -2.24184  0.003029   1.39241 -0.004012	  0.50178 -0.191166  -0.15572  0.098855 -0.023275 -0.000975  0.019149
  1.54177 -0.762101  0.047231  -2.24184  0.003029   1.39241 -0.004012	  0.50178 -0.191166  -0.15572  0.098855 -0.023275 -0.000975  0.019149
  1.54227 -0.762292  0.047074  -2.24174  0.003006   1.39241 -0.003993	 0.494199 -0.191455 -0.157533  0.099025  -0.02302  -0.00082  0.019168
  1.54276 -0.762484  0.046916  -2.24164  0.002983   1.39241 -0.003974	  0.48662 -0.191747 -0.159353  0.099195 -0.022765 -0.000671  0.019185
  1.54372 -0.762868  0.046593  -2.24144  0.002938   1.39241 -0.003935	 0.471748 -0.192249 -0.162872  0.099489 -0.022265 -0.000382  0.019217
  1.54418  -0.76306   0.04643  -2.24134  0.002916   1.39241 -0.003916	 0.464547 -0.192429 -0.164528    0.0996 -0.022023  -0.00024  0.019229
  1.54465 -0.763253  0.046264  -2.24124  0.002894   1.39241 -0.003897	 0.457437 -0.192584 -0.166145  0.099696 -0.021783  -9.9e-05   0.01924
  1.54465 -0.763253  0.046264  -2.24124  0.002894   1.39241 -0.003897	 0.457437 -0.192584 -0.166145  0.099696 -0.021783  -9.9e-05   0.01924
   1.5451 -0.763445  0.046098  -2.24114  0.002873   1.39241 -0.003878	 0.443397 -0.192845 -0.169309  0.099861 -0.021307  0.000167  0.019256
  1.54599 -0.763831  0.045759  -2.24094   0.00283   1.39241 -0.003839	 0.436748 -0.192949 -0.170962  0.099929 -0.021194  0.000252  0.019444
  1.54642 -0.764024  0.045587  -2.24084  0.002809   1.39241  -0.00382	 0.429973 -0.193004 -0.172414  0.099967 -0.020943  0.000396  0.019304
  1.54685 -0.764217  0.045414  -2.24074  0.002788   1.39241   -0.0038	 0.423289 -0.193036 -0.173828  0.099994 -0.020693  0.000528  0.019274
  1.54727  -0.76441   0.04524  -2.24064  0.002767   1.39241 -0.003781	 0.416691 -0.193043 -0.175207  0.100009 -0.020448  0.000654  0.019263
  1.54768 -0.764603  0.045064  -2.24054  0.002747   1.39241 -0.003762	 0.410179 -0.193028 -0.176551  0.100012 -0.020208  0.000773  0.019259
  1.54768 -0.764603  0.045064  -2.24054  0.002747   1.39241 -0.003762	 0.410179 -0.193028 -0.176551  0.100012 -0.020208  0.000773  0.019259
  1.54849 -0.764989  0.044708  -2.24034  0.002707   1.39241 -0.003723	 0.397326 -0.192955 -0.179175  0.099991 -0.019737  0.001002  0.019252
  1.54888 -0.765182  0.044528  -2.24024  0.002688   1.39241 -0.003704	 0.391067 -0.192873 -0.180415  0.099957 -0.019511   0.00111  0.019245
  1.54927 -0.765375  0.044347  -2.24014  0.002668   1.39242 -0.003685	 0.384888 -0.192768  -0.18162  0.099911 -0.019289  0.001216  0.019237
  1.54965 -0.765567  0.044165  -2.24004  0.002649   1.39242 -0.003666	  0.37879 -0.192643 -0.182791  0.099853  -0.01907  0.001318   0.01923
  1.54965 -0.765567  0.044165  -2.24004  0.002649   1.39242 -0.003666	  0.37879 -0.192643 -0.182791  0.099853  -0.01907  0.001318   0.01923
  1.55003  -0.76576  0.043982  -2.23994   0.00263   1.39242 -0.003646	 0.372771 -0.192497 -0.183928  0.099783 -0.018854  0.001415  0.019221
  1.55076 -0.766145  0.043611  -2.23975  0.002593   1.39242 -0.003608	 0.360818  -0.19219 -0.186183   0.09963 -0.018426    0.0016  0.019192
  1.55112 -0.766337  0.043425  -2.23964  0.002574   1.39242 -0.003589	 0.355037 -0.191983  -0.18722  0.099526 -0.018221  0.001694  0.019183
  1.55147 -0.766529  0.043237  -2.23955  0.002556   1.39243  -0.00357	 0.355037 -0.191983  -0.18722  0.099526 -0.018221  0.001694  0.019183
 1.55182 -0.76672 0.043048 -2.23945 0.002538  1.39243 -0.00355	 0.343468 -0.191509 -0.189099  0.099281 -0.017707  0.001909  0.018993
  1.55216 -0.766912  0.042859  -2.23935  0.002521   1.39243 -0.003531	 0.337932 -0.191244 -0.190051  0.099148 -0.017527  0.001978  0.019097
  1.55249 -0.767103  0.042668  -2.23925  0.002503   1.39243 -0.003512	 0.332465 -0.190961 -0.190972  0.099003  -0.01735  0.002049  0.019105
  1.55282 -0.767294  0.042477  -2.23915  0.002486   1.39243 -0.003493	 0.327069  -0.19066  -0.19186  0.098847 -0.017172  0.002121  0.019091
  1.55315 -0.767484  0.042285  -2.23905  0.002469   1.39244 -0.003474	 0.321744 -0.190342 -0.192716   0.09868 -0.016995  0.002193  0.019071
  1.55315 -0.767484  0.042285  -2.23905  0.002469   1.39244 -0.003474	 0.321744 -0.190342 -0.192716   0.09868 -0.016995  0.002193  0.019071
  1.55347 -0.767674  0.042091  -2.23895  0.002452   1.39244 -0.003455	 0.316489 -0.190006  -0.19354  0.098504 -0.016817  0.002265  0.019048
  1.55378 -0.767864  0.041897  -2.23885  0.002435   1.39244 -0.003436	 0.311236 -0.189674 -0.194371  0.098326  -0.01664  0.002332  0.019024
  1.55409 -0.768054  0.041703  -2.23875  0.002419   1.39244 -0.003417	 0.306053 -0.189324  -0.19517  0.098139 -0.016463  0.002395  0.018999
  1.55439 -0.768243  0.041507  -2.23866  0.002402   1.39244 -0.003398	 0.300941 -0.188957 -0.195937  0.097941 -0.016286  0.002459  0.018974
  1.55469 -0.768432  0.041311  -2.23856  0.002386   1.39245 -0.003379	 0.295899 -0.188573 -0.196675  0.097734 -0.016111  0.002524   0.01895
 1.55499 -0.76862 0.041114 -2.23846  0.00237  1.39245 -0.00336	 0.290927 -0.188173 -0.197382  0.097518 -0.015937  0.002586  0.018926
  1.55556 -0.768995  0.040718  -2.23827  0.002339   1.39245 -0.003322	 0.281189 -0.187324 -0.198708  0.097059 -0.015593  0.002704  0.018868
  1.55556 -0.768995  0.040718  -2.23827  0.002339   1.39245 -0.003322	 0.281189 -0.187324 -0.198708  0.097059 -0.015593  0.002704  0.018868
  1.55584 -0.769182  0.040519  -2.23817  0.002323   1.39246 -0.003304	 0.276486 -0.186859 -0.199292   0.09681 -0.015425  0.002761  0.018837
  1.55611 -0.769369  0.040319  -2.23807  0.002308   1.39246 -0.003285	 0.271785 -0.186396 -0.199882  0.096559 -0.015257  0.002815  0.018804
  1.55638 -0.769555  0.040119  -2.23798  0.002293   1.39246 -0.003266	 0.267147 -0.185919 -0.200444    0.0963 -0.015091  0.002865  0.018774
  1.55664 -0.769741  0.039918  -2.23788  0.002278   1.39247 -0.003247	 0.262575 -0.185427 -0.200977  0.096034 -0.014926  0.002913  0.018743
   1.5569 -0.769926  0.039717  -2.23779  0.002263   1.39247 -0.003228	 0.258067  -0.18492 -0.201483  0.095759 -0.014763  0.002958  0.018709
  1.55716 -0.770111  0.039515  -2.23769  0.002248   1.39247  -0.00321	 0.253623   -0.1844 -0.201962  0.095477 -0.014603  0.003004   0.01867
  1.55741 -0.770295  0.039313  -2.23759  0.002234   1.39247 -0.003191	 0.249242 -0.183866 -0.202414  0.095186 -0.014444  0.003049  0.018628
  1.55766 -0.770479   0.03911   -2.2375  0.002219   1.39248 -0.003172	 0.244923 -0.183319 -0.202839  0.094888 -0.014287  0.003092  0.018592
   1.5579 -0.770662  0.038907   -2.2374  0.002205   1.39248 -0.003154	 0.240666 -0.182759 -0.203237  0.094583 -0.014131  0.003132  0.018557
  1.55814 -0.770844  0.038704  -2.23731  0.002191   1.39248 -0.003135	 0.236469 -0.182185  -0.20361  0.094271 -0.013977   0.00317  0.018518
  1.55837 -0.771026    0.0385  -2.23721  0.002177   1.39249 -0.003117	 0.232332   -0.1816 -0.203956  0.093952 -0.013825  0.003204  0.018479
  1.55861 -0.771207  0.038296  -2.23712  0.002163   1.39249 -0.003098	 0.228255 -0.181002 -0.204278  0.093627 -0.013675  0.003236  0.018436
  1.55883 -0.771388  0.038092  -2.23703   0.00215   1.39249  -0.00308	 0.224237 -0.180392 -0.204575  0.093295 -0.013527  0.003267  0.018394
  1.55905 -0.771568  0.037887  -2.23693  0.002136    1.3925 -0.003062	 0.220276 -0.179771 -0.204846  0.092955 -0.013381  0.003298  0.018349
  1.55949 -0.771926  0.037477  -2.23675   0.00211    1.3925 -0.003025	 0.212527 -0.178494 -0.205317  0.092258 -0.013094  0.003356  0.018265
  1.55949 -0.771926  0.037477  -2.23675   0.00211    1.3925 -0.003025	 0.212527 -0.178494 -0.205317  0.092258 -0.013094  0.003356  0.018265
   1.5597 -0.772104  0.037271  -2.23666  0.002097   1.39251 -0.003007	  0.20879 -0.177826 -0.205488  0.091896 -0.012955  0.003384  0.018219
   1.5599 -0.772282  0.037066  -2.23657  0.002084   1.39251 -0.002989	 0.205055 -0.177161 -0.205665  0.091532 -0.012816  0.003408  0.018171
  1.56011 -0.772459   0.03686  -2.23647  0.002071   1.39251  -0.00297	 0.201373 -0.176486 -0.205818  0.091163 -0.012679  0.003428  0.018123
  1.56031 -0.772635  0.036654  -2.23638  0.002059   1.39252 -0.002952	 0.197745 -0.175801 -0.205948  0.090788 -0.012544  0.003447  0.018075
   1.5605  -0.77281  0.036448  -2.23629  0.002046   1.39252 -0.002934	 0.194171 -0.175106 -0.206056  0.090408  -0.01241  0.003467  0.018023
  1.56088 -0.773159  0.036036  -2.23611  0.002021   1.39253 -0.002898	 0.187181 -0.173687 -0.206207   0.08963 -0.012149  0.003501   0.01792
  1.56088 -0.773159  0.036036  -2.23611  0.002021   1.39253 -0.002898	 0.187181 -0.173687 -0.206207   0.08963 -0.012149  0.003501   0.01792
  1.56107 -0.773332   0.03583  -2.23602  0.002009   1.39253  -0.00288	 0.183812 -0.172953 -0.206223  0.089231  -0.01202  0.003518  0.017873
  1.56125 -0.773505  0.035623  -2.23594  0.001997   1.39254 -0.002863	 0.180445 -0.172221 -0.206244   0.08883 -0.011893  0.003531  0.017823
  1.56143 -0.773677  0.035417  -2.23585  0.001986   1.39254 -0.002845	 0.177127 -0.171481 -0.206245  0.088424 -0.011768  0.003541  0.017767
  1.56161 -0.773848  0.035211  -2.23576  0.001974   1.39254 -0.002827	  0.17386 -0.170732 -0.206225  0.088014 -0.011644   0.00355  0.017715
  1.56195 -0.774188  0.034799  -2.23558  0.001951   1.39255 -0.002792	 0.167471 -0.169211 -0.206126  0.087179 -0.011404  0.003566  0.017608
  1.56211 -0.774357  0.034593   -2.2355   0.00194   1.39255 -0.002774	 0.164395 -0.168429 -0.206022  0.086754 -0.011287  0.003573  0.017555
  1.56228 -0.774525  0.034387  -2.23541  0.001928   1.39256 -0.002757	 0.161364 -0.167639 -0.205899  0.086324 -0.011171   0.00358  0.017496
  1.56228 -0.774525  0.034387  -2.23541  0.001928   1.39256 -0.002757	 0.161364 -0.167639 -0.205899  0.086324 -0.011171   0.00358  0.017496
  1.56244 -0.774692  0.034181  -2.23532  0.001917   1.39256 -0.002739	 0.158377 -0.166843 -0.205758  0.085889 -0.011056  0.003583   0.01744
  1.56259 -0.774858  0.033975  -2.23524  0.001906   1.39256 -0.002722	 0.155394  -0.16605 -0.205622  0.085454 -0.010942  0.003584  0.017383
  1.56275 -0.775024   0.03377  -2.23515  0.001895   1.39257 -0.002704	  0.14956 -0.164445 -0.205295   0.08457  -0.01072  0.003584   0.01726
  1.56305 -0.775353  0.033359  -2.23498  0.001874   1.39257  -0.00267	 0.146847 -0.163644 -0.205185  0.084132 -0.010685  0.003558  0.017313
  1.56319 -0.775516  0.033154   -2.2349  0.001863   1.39258 -0.002653	 0.144071 -0.162816 -0.204947  0.083678 -0.010566  0.003567   0.01717
  1.56333 -0.775679  0.032949  -2.23482  0.001853   1.39258 -0.002635	 0.141341 -0.161984 -0.204692  0.083222 -0.010448  0.003573  0.017091
  1.56333 -0.775679  0.032949  -2.23482  0.001853   1.39258 -0.002635	 0.138652 -0.161145 -0.204422  0.082763 -0.010333  0.003572  0.017021
  1.56347  -0.77584  0.032744  -2.23473  0.001842   1.39258 -0.002618	 0.138652 -0.161145 -0.204422  0.082763 -0.010333  0.003572  0.017021
  1.56375 -0.776161  0.032336  -2.23457  0.001822   1.39259 -0.002584	 0.133451 -0.159481 -0.203955   0.08185 -0.010183  0.003536  0.016998
  1.56388  -0.77632  0.032132  -2.23449  0.001812    1.3926 -0.002567	 0.130877 -0.158627 -0.203631  0.081381 -0.010065  0.003543  0.016854
  1.56401 -0.776478  0.031929  -2.23441  0.001802    1.3926 -0.002551	 0.130877 -0.158627 -0.203631  0.081381 -0.010065  0.003543  0.016854
  1.56414 -0.776635  0.031726  -2.23433  0.001792    1.3926 -0.002534	 0.125731 -0.156893  -0.20286  0.080427 -0.009768  0.003567   0.01659
  1.56426 -0.776792  0.031523  -2.23424  0.001782   1.39261 -0.002517	 0.123292 -0.156025 -0.202501  0.079955 -0.009672  0.003547  0.016617
  1.56426 -0.776792  0.031523  -2.23424  0.001782   1.39261 -0.002517	 0.123292 -0.156025 -0.202501  0.079955 -0.009672  0.003547  0.016617
   1.5645 -0.777102  0.031119  -2.23408  0.001763   1.39261 -0.002484	 0.118487 -0.154286 -0.201761  0.079002 -0.009491  0.003509  0.016523
   1.5645 -0.777102  0.031119  -2.23408  0.001763   1.39261 -0.002484	 0.118487 -0.154286 -0.201761  0.079002 -0.009491  0.003509  0.016523
  1.56473 -0.777409  0.030716  -2.23393  0.001744   1.39262 -0.002451	 0.113832 -0.152531 -0.200965  0.078039 -0.009316  0.003479  0.016376
  1.56473 -0.777409  0.030716  -2.23393  0.001744   1.39262 -0.002451	 0.113832 -0.152531 -0.200965  0.078039 -0.009316  0.003479  0.016376
  1.56485 -0.777561  0.030515  -2.23385  0.001735   1.39262 -0.002435	 0.111578 -0.151645 -0.200538  0.077553 -0.009229  0.003465  0.016315
  1.56496 -0.777712  0.030315  -2.23377  0.001726   1.39263 -0.002419	 0.109327 -0.150762 -0.200115  0.077066 -0.009144  0.003449  0.016253
  1.56506 -0.777863  0.030115   -2.2337  0.001716   1.39263 -0.002402	 0.107111 -0.149875 -0.199679  0.076578 -0.009061  0.003432  0.016189
  1.56517 -0.778012  0.029916  -2.23362  0.001707   1.39263 -0.002386	 0.104931 -0.148986  -0.19923  0.076088 -0.008979  0.003414  0.016123
  1.56527 -0.778161  0.029717  -2.23354  0.001699   1.39264  -0.00237	 0.102787 -0.148093 -0.198768  0.075596 -0.008897  0.003396  0.016052
  1.56538 -0.778308  0.029518  -2.23347   0.00169   1.39264 -0.002354	 0.100679 -0.147197 -0.198294  0.075102 -0.008817   0.00338  0.015981
  1.56548 -0.778455   0.02932  -2.23339  0.001681   1.39264 -0.002338	 0.098606 -0.146299 -0.197808  0.074608 -0.008739  0.003361  0.015915
  1.56557 -0.778601  0.029123  -2.23332  0.001672   1.39265 -0.002322	 0.096567 -0.145397  -0.19731  0.074112 -0.008662  0.003341  0.015852
  1.56576  -0.77889  0.028729  -2.23317  0.001655   1.39265 -0.002291	 0.094563 -0.144494   -0.1968  0.073615 -0.008586  0.003319  0.015788
  1.56576  -0.77889  0.028729  -2.23317  0.001655   1.39265 -0.002291	 0.092592 -0.143588 -0.196278  0.073117 -0.008511  0.003297  0.015719
  1.56585 -0.779033  0.028533   -2.2331  0.001647   1.39266 -0.002275	 0.090582 -0.142661 -0.195657  0.072608 -0.008375  0.003299   0.01556
  1.56594 -0.779175  0.028338  -2.23303  0.001638   1.39266  -0.00226	 0.088677 -0.141751 -0.195113  0.072108 -0.008302  0.003276  0.015493
  1.56603 -0.779316  0.028143  -2.23296   0.00163   1.39266 -0.002244	 0.086813  -0.14084 -0.194565  0.071609 -0.008241  0.003243  0.015494
   1.5662 -0.779596  0.027755  -2.23281  0.001614   1.39267 -0.002213	 0.084981 -0.139926 -0.194006  0.071109 -0.008181  0.003211  0.015498
   1.5662 -0.779596  0.027755  -2.23281  0.001614   1.39267 -0.002213	 0.083178 -0.139011 -0.193437  0.070607 -0.008122  0.003184  0.015445
  1.56636 -0.779872  0.027369  -2.23267  0.001598   1.39268 -0.002183	 0.079591  -0.13716 -0.192183  0.069591 -0.007947  0.003154  0.015122
  1.56636 -0.779872  0.027369  -2.23267  0.001598   1.39268 -0.002183	 0.079591  -0.13716 -0.192183  0.069591 -0.007947  0.003154  0.015122
  1.56644 -0.780009  0.027177   -2.2326   0.00159   1.39268 -0.002167	 0.077914 -0.136238 -0.191574  0.069089 -0.007893  0.003123  0.015148
  1.56652 -0.780145  0.026986  -2.23253  0.001582   1.39268 -0.002152	 0.076239 -0.135318 -0.190969  0.068586 -0.007842  0.003088  0.015172
   1.5666  -0.78028  0.026795  -2.23247  0.001574   1.39269 -0.002137	 0.074589 -0.134398 -0.190354  0.068082 -0.007791  0.003056  0.015115
  1.56667 -0.780414  0.026605   -2.2324  0.001566   1.39269 -0.002122	 0.072964 -0.133477 -0.189731  0.067577 -0.007741  0.003027  0.014986
  1.56674 -0.780547  0.026416  -2.23233  0.001558   1.39269 -0.002107	 0.071367 -0.132556 -0.189097  0.067071 -0.007689  0.002998  0.014847
  1.56681 -0.780679  0.026227  -2.23226  0.001551    1.3927 -0.002092	 0.069798 -0.131634 -0.188454  0.066566 -0.007634  0.002969  0.014755
  1.56688  -0.78081  0.026039   -2.2322  0.001543    1.3927 -0.002078	 0.068259 -0.130711   -0.1878   0.06606 -0.007577   0.00294  0.014715
  1.56695  -0.78094  0.025852  -2.23213  0.001536    1.3927 -0.002063	 0.066747 -0.129789 -0.187137  0.065554 -0.007519  0.002911  0.014692
  1.56702  -0.78107  0.025665  -2.23207  0.001528    1.3927 -0.002048	 0.065261 -0.128866 -0.186466  0.065049 -0.007462  0.002882  0.014649
  1.56708 -0.781198  0.025479    -2.232  0.001521   1.39271 -0.002034	   0.0638 -0.127943 -0.185788  0.064542 -0.007406  0.002855  0.014567
  1.56714 -0.781325  0.025293  -2.23194  0.001513   1.39271 -0.002019	 0.062364  -0.12702 -0.185101  0.064037 -0.007352  0.002828   0.01446
   1.5672 -0.781452  0.025108  -2.23187  0.001506   1.39271 -0.002005	 0.060954 -0.126097 -0.184407  0.063531 -0.007298  0.002798  0.014366
  1.56726 -0.781578  0.024924  -2.23181  0.001499   1.39272  -0.00199	  0.05957 -0.125175 -0.183705  0.063027 -0.007242  0.002767  0.014296
  1.56732 -0.781702  0.024741  -2.23175  0.001492   1.39272 -0.001976	 0.058211 -0.124253 -0.182994  0.062523 -0.007187  0.002735  0.014247
  1.56738 -0.781826  0.024558  -2.23169  0.001484   1.39272 -0.001962	 0.056877 -0.123331 -0.182277   0.06202 -0.007132  0.002702  0.014193
  1.56744 -0.781949  0.024376  -2.23162  0.001477   1.39272 -0.001948	 0.055567  -0.12241 -0.181554  0.061517 -0.007079  0.002672  0.014122
  1.56749 -0.782071  0.024195  -2.23156   0.00147   1.39273 -0.001934	  0.05428  -0.12149 -0.180823  0.061014 -0.007027  0.002641  0.014039
  1.56754 -0.782192  0.024015   -2.2315  0.001463   1.39273  -0.00192	 0.053017  -0.12057 -0.180086  0.060512 -0.006975  0.002609  0.013956
   1.5676 -0.782312  0.023835  -2.23144  0.001456   1.39273 -0.001906	 0.051777 -0.119651 -0.179343  0.060011 -0.006923  0.002577  0.013883
  1.56765 -0.782431  0.023656  -2.23138  0.001449   1.39273 -0.001892	 0.050561 -0.118734 -0.178593   0.05951 -0.006873  0.002545  0.013817
   1.5677  -0.78255  0.023478  -2.23132  0.001443   1.39274 -0.001878	 0.049367 -0.117817 -0.177838  0.059011 -0.006822  0.002511  0.013753
  1.56775 -0.782667    0.0233  -2.23126  0.001436   1.39274 -0.001864	 0.048195 -0.116902 -0.177076  0.058512 -0.006773  0.002479  0.013682
   1.5678 -0.782783  0.023124  -2.23121  0.001429   1.39274 -0.001851	 0.047045 -0.115987  -0.17631  0.058014 -0.006726  0.002445  0.013604
  1.56784 -0.782899  0.022948  -2.23115  0.001422   1.39274 -0.001837	 0.045917 -0.115074 -0.175538  0.057517 -0.006679  0.002412  0.013523
  1.56789 -0.783014  0.022773  -2.23109  0.001416   1.39275 -0.001824	 0.044811 -0.114163 -0.174761  0.057021 -0.006632  0.002378  0.013451
  1.56793 -0.783127  0.022598  -2.23103  0.001409   1.39275  -0.00181	 0.043725 -0.113253 -0.173979  0.056526 -0.006586  0.002345  0.013383
  1.56797  -0.78324  0.022425  -2.23098  0.001402   1.39275 -0.001797	 0.042661 -0.112344 -0.173192  0.056033 -0.006541   0.00231  0.013317
  1.56802 -0.783352  0.022252  -2.23092  0.001396   1.39275 -0.001784	 0.041617 -0.111438   -0.1724   0.05554 -0.006496  0.002276  0.013246
  1.56806 -0.783463   0.02208  -2.23087  0.001389   1.39276  -0.00177	 0.040592 -0.110533 -0.171604  0.055048 -0.006451  0.002243  0.013171
  1.56814 -0.783682  0.021738  -2.23076  0.001377   1.39276 -0.001744	 0.039588  -0.10963 -0.170803  0.054558 -0.006408  0.002208  0.013097
  1.56814 -0.783682  0.021738  -2.23076  0.001377   1.39276 -0.001744	 0.038603 -0.108729 -0.169998  0.054069 -0.006365  0.002173  0.013021
  1.56821 -0.783898    0.0214  -2.23065  0.001364   1.39277 -0.001718	 0.036644 -0.106919 -0.168309  0.053086 -0.006237  0.002126  0.012808
  1.56825 -0.784004  0.021232   -2.2306  0.001358   1.39277 -0.001706	 0.035739 -0.106024 -0.167491  0.052605 -0.006203  0.002084  0.012791
  1.56825 -0.784004  0.021232   -2.2306  0.001358   1.39277 -0.001706	 0.035739 -0.106024 -0.167491  0.052605 -0.006203  0.002084  0.012791
  1.56828  -0.78411  0.021065  -2.23055  0.001352   1.39277 -0.001693	 0.034851 -0.105132 -0.166669  0.052124 -0.006169  0.002046  0.012736
  1.56832 -0.784215  0.020899  -2.23049  0.001346   1.39277  -0.00168	 0.033964 -0.104242  -0.16585  0.051642 -0.006137  0.002005   0.01268
  1.56835 -0.784318  0.020733  -2.23044  0.001339   1.39277 -0.001668	 0.033093 -0.103355 -0.165028  0.051162 -0.006106  0.001966  0.012608
  1.56838 -0.784421  0.020569  -2.23039  0.001333   1.39278 -0.001655	 0.032239 -0.102469 -0.164202  0.050682 -0.006074   0.00193  0.012523
  1.56842 -0.784523  0.020405  -2.23034  0.001327   1.39278 -0.001642	 0.031402 -0.101587 -0.163373  0.050204 -0.006041  0.001895  0.012441
  1.56845 -0.784624  0.020242  -2.23029  0.001321   1.39278  -0.00163	 0.030582 -0.100707  -0.16254  0.049727 -0.006007   0.00186  0.012368
  1.56848 -0.784725   0.02008  -2.23024  0.001315   1.39278 -0.001618	 0.029779  -0.09983 -0.161705  0.049252 -0.005973  0.001825    0.0123
  1.56851 -0.784824  0.019919  -2.23019  0.001309   1.39278 -0.001605	 0.028993 -0.098955 -0.160866  0.048778 -0.005938  0.001792  0.012235
  1.56854 -0.784923  0.019758  -2.23014  0.001303   1.39278 -0.001593	 0.028222 -0.098083 -0.160025  0.048306 -0.005904  0.001759   0.01217
  1.56856  -0.78502  0.019599  -2.23009  0.001297   1.39279 -0.001581	 0.027467 -0.097213 -0.159182  0.047837  -0.00587  0.001724  0.012096
  1.56859 -0.785117   0.01944  -2.23005  0.001292   1.39279 -0.001569	 0.026728 -0.096347 -0.158336  0.047369 -0.005837  0.001689  0.012018
  1.56862 -0.785213  0.019282     -2.23  0.001286   1.39279 -0.001557	 0.026004 -0.095483 -0.157489  0.046902 -0.005804  0.001652  0.011943
  1.56864 -0.785308  0.019125  -2.22995   0.00128   1.39279 -0.001545	 0.025296 -0.094623 -0.156639  0.046438 -0.005771  0.001618  0.011874
  1.56869 -0.785496  0.018813  -2.22986  0.001269   1.39279 -0.001522	 0.023924  -0.09291 -0.154934  0.045516 -0.005707  0.001546   0.01174
  1.56869 -0.785496  0.018813  -2.22986  0.001269   1.39279 -0.001522	 0.023272  -0.09206 -0.154074   0.04506 -0.005674  0.001513  0.011671
  1.56872 -0.785588  0.018659  -2.22982  0.001263    1.3928  -0.00151	 0.023272  -0.09206 -0.154074   0.04506 -0.005674  0.001513  0.011671
  1.56874  -0.78568  0.018505  -2.22977  0.001257    1.3928 -0.001498	 0.022673 -0.091225 -0.153273  0.044612 -0.005682  0.001463  0.011659
  1.56876  -0.78577  0.018352  -2.22973  0.001252    1.3928 -0.001487	 0.022037  -0.09038 -0.152415  0.044157 -0.005652  0.001429  0.011586
  1.56878  -0.78586    0.0182  -2.22968  0.001246    1.3928 -0.001475	 0.021409 -0.089538 -0.151552  0.043703 -0.005614    0.0014  0.011466
   1.5688  -0.78595  0.018049  -2.22964   0.00124    1.3928 -0.001464	 0.020794 -0.088699 -0.150687   0.04325 -0.005578  0.001372  0.011351
  1.56882 -0.786038  0.017899   -2.2296  0.001235    1.3928 -0.001452	 0.020195 -0.087864 -0.149822  0.042801 -0.005541  0.001341  0.011272
  1.56886 -0.786212  0.017601  -2.22951  0.001224   1.39281  -0.00143	 0.019039 -0.086203 -0.148088  0.041909  -0.00547  0.001274  0.011193
  1.56886 -0.786212  0.017601  -2.22951  0.001224   1.39281  -0.00143	 0.019039 -0.086203 -0.148088  0.041909  -0.00547  0.001274  0.011193
  1.56888 -0.786298  0.017453  -2.22947  0.001218   1.39281 -0.001419	 0.018491  -0.08538 -0.147219  0.041469 -0.005439  0.001241  0.011112
   1.5689 -0.786383  0.017307  -2.22943  0.001213   1.39281 -0.001408	 0.017944 -0.084558 -0.146353  0.041029 -0.005409  0.001206   0.01103
  1.56892 -0.786467  0.017161  -2.22939  0.001207   1.39281 -0.001397	  0.01741  -0.08374 -0.145486  0.040591 -0.005378  0.001171  0.010958
  1.56893  -0.78655  0.017016  -2.22935  0.001202   1.39281 -0.001386	 0.016889 -0.082925 -0.144619  0.040155 -0.005349  0.001134  0.010897
  1.56897 -0.786714  0.016728  -2.22927  0.001191   1.39281 -0.001364	  0.01638 -0.082114 -0.143752  0.039721  -0.00532  0.001098  0.010837
  1.56898 -0.786795  0.016586  -2.22923  0.001186   1.39281 -0.001353	 0.015362 -0.080493 -0.141964  0.038854 -0.005229  0.001047  0.010645
  1.56898 -0.786795  0.016586  -2.22923  0.001186   1.39281 -0.001353	 0.015362 -0.080493 -0.141964  0.038854 -0.005229  0.001047  0.010645
  1.56901 -0.786955  0.016303  -2.22915  0.001176   1.39281 -0.001332	 0.014445 -0.078899 -0.140237  0.038006 -0.005189  0.000971  0.010579
  1.56901 -0.786955  0.016303  -2.22915  0.001176   1.39281 -0.001332	 0.014445 -0.078899 -0.140237  0.038006 -0.005189  0.000971  0.010579
  1.56903 -0.787033  0.016164  -2.22912  0.001171   1.39282 -0.001322	 0.014004 -0.078109 -0.139373  0.037586 -0.005168  0.000937  0.010494
  1.56905 -0.787188  0.015887  -2.22904   0.00116   1.39282 -0.001301	 0.013137 -0.076536 -0.137649  0.036747  -0.00513  0.000868  0.010339
  1.56905 -0.787188  0.015887  -2.22904   0.00116   1.39282 -0.001301	 0.012728 -0.075758 -0.136786  0.036333 -0.005107  0.000835  0.010286
  1.56908 -0.787339  0.015613  -2.22897   0.00115   1.39282  -0.00128	  0.01236 -0.074994 -0.135973  0.035927 -0.005119  0.000789  0.010272
  1.56908 -0.787339  0.015613  -2.22897   0.00115   1.39282  -0.00128	  0.01236 -0.074994 -0.135973  0.035927 -0.005119  0.000789  0.010272
