 -1.39626 -0.785398        -0  -2.18166         0   1.39626        -0	-0 -0 -0  0  0 -0 -0
 -1.39576 -0.785398 -0.000259  -2.18166 -0.000226   1.39626   0.00028	  1.00543 -0.000139 -0.518888   6.7e-05 -0.451173 -0.000163  0.560175
 -1.39429 -0.785399 -0.001013  -2.18166  -0.00086   1.39626  0.000897	  1.93181 -0.001038 -0.987474  0.000506 -0.816723 -0.001164  0.674048
 -1.39193 -0.785401 -0.002209  -2.18166 -0.001818   1.39626  0.001578	  2.79587 -0.003277   -1.4057  0.001535  -1.10079 -0.003304   0.68725
 -1.38873 -0.785406 -0.003801  -2.18166 -0.003026   1.39626   0.00226	  3.60512 -0.007277  -1.77759  0.003238  -1.31475 -0.006497   0.67688
 -1.38474 -0.785416 -0.005743  -2.18165 -0.004418   1.39625  0.002929	   4.3646 -0.013332  -2.10759  0.005617  -1.46998  -0.01048  0.660353
 -1.38002 -0.785433 -0.007997  -2.18165 -0.005942   1.39623   0.00358	  5.07838 -0.021627  -2.39979  0.008639  -1.57651 -0.014939  0.641768
 -1.37461  -0.78546 -0.010526  -2.18164 -0.007551   1.39622  0.004212	  5.75001 -0.032262  -2.65783  0.012246  -1.64289 -0.019564   0.62224
 -1.36854 -0.785498 -0.013297  -2.18162 -0.009211    1.3962  0.004824	  6.38262 -0.045272  -2.88491  0.016378  -1.67636 -0.024086  0.602178
 -1.36186 -0.785551 -0.016282   -2.1816 -0.010891   1.39617  0.005416	  6.97898 -0.060634  -3.08389  0.020968  -1.68305 -0.028287  0.581816
  -1.3546  -0.78562 -0.019452  -2.18158 -0.012566   1.39614  0.005987	  7.54161 -0.078286  -3.25728  0.025956  -1.66812 -0.031996  0.561314
 -1.34679 -0.785708 -0.022785  -2.18155 -0.014218   1.39611  0.006538	  8.07273 -0.098131  -3.40732  0.031283  -1.63589 -0.035092  0.540809
 -1.33847 -0.785817 -0.026256  -2.18152 -0.015831   1.39607  0.007069	  8.57437 -0.120047  -3.53601  0.036895  -1.59003 -0.037494  0.520403
 -1.32966 -0.785949 -0.029847  -2.18148 -0.017393   1.39603  0.007579	  9.04835 -0.143893  -3.64513  0.042743  -1.53359 -0.039153  0.500179
 -1.32038 -0.786106 -0.033538  -2.18143 -0.018894   1.39599   0.00807	  9.49634 -0.169513  -3.73629  0.048783  -1.46912 -0.040049  0.480214
 -1.31068 -0.786289 -0.037311  -2.18138 -0.020328   1.39595   0.00854	  9.91987 -0.196743  -3.81095  0.054974  -1.39876 -0.040183  0.460552
 -1.30056 -0.786499 -0.041152  -2.18132  -0.02169   1.39591  0.008991	  10.3203 -0.225409   -3.8704  0.061279  -1.32428 -0.039575  0.441251
 -1.29005  -0.78674 -0.045045  -2.18126 -0.022975   1.39587  0.009423	  10.6989 -0.255337  -3.91585  0.067665  -1.24715 -0.038256  0.422335
 -1.27917  -0.78701 -0.048977  -2.18119 -0.024183   1.39584  0.009836	  11.0569 -0.286347  -3.94838  0.074105  -1.16859 -0.036269  0.403828
 -1.26794 -0.787313 -0.052936  -2.18111 -0.025312    1.3958   0.01023	  11.3954 -0.318263  -3.96899  0.080571  -1.08958 -0.033658  0.385752
 -1.25639 -0.787647  -0.05691  -2.18103 -0.026363   1.39577  0.010607	  11.7153  -0.35091  -3.97858  0.087039  -1.01094 -0.030475  0.368123
 -1.24452 -0.788014 -0.060888  -2.18094 -0.027335   1.39574  0.010967	  12.0177 -0.384117  -3.97802  0.093487 -0.933315 -0.026772  0.350936
 -1.23236 -0.788415 -0.064862  -2.18084  -0.02823   1.39572  0.011309	  12.3034 -0.417715  -3.96807  0.099896 -0.857228   -0.0226  0.334198
-1.21992 -0.78885 -0.06882 -2.18074 -0.02905   1.3957 0.011635	  12.5732 -0.451543  -3.94946  0.106248 -0.783089 -0.018012  0.317916
 -1.20722 -0.789318 -0.072757  -2.18063 -0.029797   1.39568  0.011945	  12.8278 -0.485445  -3.92287  0.112528 -0.711216 -0.013063  0.302079
 -1.19427  -0.78982 -0.076663  -2.18051 -0.030474   1.39567   0.01224	  13.0682 -0.519271  -3.88893  0.118721 -0.641848 -0.007799  0.286685
 -1.18109 -0.790356 -0.080531  -2.18039 -0.031082   1.39566  0.012519	  13.2948  -0.55288  -3.84821  0.124813 -0.575158 -0.002267  0.271723
 -1.16769 -0.790926 -0.084356  -2.18026 -0.031625   1.39566  0.012783	  13.5084 -0.586136  -3.80129  0.130794 -0.511266  0.003486  0.257194
 -1.15408 -0.791528 -0.088131  -2.18013 -0.032106   1.39567  0.013034	  13.7096 -0.618912  -3.74866  0.136652 -0.450245  0.009418  0.243087
 -1.14028 -0.792163 -0.091851  -2.17999 -0.032527   1.39568   0.01327	  13.8989  -0.65109  -3.69083  0.142376 -0.392133  0.015491  0.229381
 -1.12629  -0.79283  -0.09551  -2.17984 -0.032892    1.3957  0.013493	   14.077 -0.682557  -3.62824  0.147958 -0.336935   0.02167  0.216081
 -1.11213 -0.793528 -0.099105  -2.17969 -0.033202   1.39573  0.013702	  14.2443 -0.713212  -3.56134  0.153389  -0.28463  0.027917  0.203166
 -1.09781 -0.794256 -0.102631  -2.17954 -0.033462   1.39576  0.013899	  14.4013 -0.742957  -3.49053   0.15866 -0.235181  0.034204  0.190636
 -1.08333 -0.795013 -0.106085  -2.17937 -0.033674   1.39579  0.014084	  14.5485 -0.771707  -3.41619  0.163762 -0.188529  0.040506  0.178469
 -1.06871 -0.795799 -0.109462  -2.17921 -0.033841   1.39584  0.014256	  14.6864 -0.799381  -3.33869  0.168691 -0.144605   0.04679  0.166656
 -1.05396 -0.796612 -0.112761  -2.17904 -0.033965   1.39589  0.014417	  14.8153 -0.825908  -3.25837  0.173436 -0.103329  0.053039  0.155194
 -1.03909  -0.79745 -0.115978  -2.17886 -0.034048   1.39594  0.014567	  14.9357 -0.851223  -3.17555  0.177992 -0.064614  0.059228  0.144065
 -1.02409 -0.798314 -0.119111  -2.17868 -0.034095   1.39601  0.014705	   15.048 -0.875269  -3.09055  0.182352 -0.028369  0.065338  0.133259
   -1.009   -0.7992 -0.122158   -2.1785 -0.034106   1.39607  0.014833	  15.1525 -0.897996  -3.00364   0.18651  0.005505  0.071353  0.122773
-0.993794 -0.800109 -0.125117  -2.17831 -0.034085   1.39615  0.014951	  15.2496 -0.919361  -2.91511   0.19046  0.037107  0.077257  0.112591
-0.978499 -0.801038 -0.127987  -2.17812 -0.034033   1.39623  0.015059	  15.3396 -0.939326  -2.82521  0.194194  0.066539  0.083036  0.102701
-0.963118 -0.801987 -0.130767  -2.17792 -0.033953   1.39631  0.015157	  15.4228 -0.957862  -2.73419  0.197708    0.0939  0.088677  0.093098
-0.947657 -0.802953 -0.133455  -2.17772 -0.033846    1.3964  0.015245	  15.4996 -0.974943  -2.64226  0.200996  0.119293  0.094169  0.083775
-0.932122 -0.803936 -0.136051  -2.17752 -0.033715    1.3965  0.015324	  15.5701 -0.990551  -2.54965  0.204051  0.142816  0.099505  0.074726
 -0.91652 -0.804934 -0.138554  -2.17731 -0.033561    1.3966  0.015395	 15.6348 -1.00467 -2.45655 0.206869 0.164568 0.104673 0.065937
-0.900855 -0.805945 -0.140964   -2.1771 -0.033387   1.39671  0.015456	 15.6937  -1.0173 -2.36316 0.209445 0.184643 0.109667 0.057397
-0.885135 -0.806968 -0.143281  -2.17689 -0.033193   1.39682   0.01551	 15.7473 -1.02843 -2.26966 0.211773 0.203137 0.114483 0.049112
-0.869363 -0.808001 -0.145504  -2.17668 -0.032981   1.39694  0.015555	 15.7957 -1.03806  -2.1762  0.21385 0.220138 0.119113 0.041059
-0.853546 -0.809043 -0.147633  -2.17647 -0.032753   1.39706  0.015592	 15.8391 -1.04619 -2.08294 0.215671 0.235734 0.123554 0.033242
-0.837688 -0.810093  -0.14967  -2.17625  -0.03251   1.39719  0.015621	 15.8778 -1.05285 -1.99003 0.217231 0.250011 0.127803 0.025653
-0.821793 -0.811149 -0.151613  -2.17603 -0.032254   1.39732  0.015643	 15.9119 -1.05803 -1.89761 0.218527 0.263048 0.131859 0.018287
-0.805866 -0.812209 -0.153465  -2.17581 -0.031985   1.39745  0.015658	 15.9416 -1.06176 -1.80579 0.219557 0.274926 0.135715 0.011133
-0.789912 -0.813272 -0.155225  -2.17559 -0.031704   1.39759  0.015666	 15.9672 -1.06405 -1.71469 0.220317 0.285717 0.139371 0.004186
-0.773934 -0.814336 -0.156895  -2.17537 -0.031414   1.39773  0.015667	  15.9887  -1.06492  -1.62442  0.220805  0.295493  0.142827 -0.002558
-0.757936 -0.815401 -0.158474  -2.17515 -0.031114   1.39787  0.015661	  16.0064  -1.06441  -1.53507  0.221018  0.304323  0.146084 -0.009103
-0.741923 -0.816464 -0.159965  -2.17493 -0.030805   1.39802  0.015648	  16.0205  -1.06254  -1.44675  0.220955  0.312271  0.149137 -0.015453
-0.725897 -0.817525 -0.161368  -2.17471  -0.03049   1.39817   0.01563	  16.0309  -1.05933  -1.35952  0.220615  0.319399  0.151992 -0.021609
-0.709863 -0.818583 -0.162685  -2.17449 -0.030167   1.39832  0.015605	   16.038  -1.05483  -1.27346  0.219998  0.325766  0.154646 -0.027588
-0.693823 -0.819635 -0.163916  -2.17427 -0.029838   1.39848  0.015575	  16.0418  -1.04905  -1.18865  0.219103  0.331427  0.157102 -0.033384
-0.677781  -0.82068 -0.165063  -2.17405 -0.029504   1.39864  0.015539	  16.0424  -1.04204  -1.10514   0.21793  0.336433  0.159361 -0.039007
 -0.66174 -0.821718 -0.166127  -2.17383 -0.029166    1.3988  0.015497	    16.04  -1.03383    -1.023  0.216482  0.340836  0.161425 -0.044459
-0.645702 -0.822748 -0.167109  -2.17362 -0.028823   1.39896   0.01545	  16.0347  -1.02446 -0.942257  0.214757  0.344682  0.163297 -0.049739
-0.629672 -0.823767 -0.168012   -2.1734 -0.028477   1.39912  0.015398	  16.0265  -1.01396 -0.862973   0.21276  0.348015   0.16498 -0.054858
-0.613651 -0.824775 -0.168836  -2.17319 -0.028127   1.39929   0.01534	  16.0157  -1.00238 -0.785181  0.210491  0.350877   0.16647 -0.059817
-0.597642 -0.825771 -0.169583  -2.17298 -0.027775   1.39946  0.015278	  16.0022 -0.989752 -0.708914  0.207954  0.353305  0.167779 -0.064614
-0.581648 -0.826754 -0.170254  -2.17278 -0.027421   1.39963  0.015211	  15.9863 -0.976116 -0.634202  0.205152  0.355338  0.168905 -0.069261
-0.565671 -0.827723 -0.170852  -2.17257 -0.027064   1.39979   0.01514	  15.9679 -0.961514 -0.561069  0.202091  0.357008  0.169848 -0.073757
-0.549713 -0.828677 -0.171377  -2.17237 -0.026707   1.39996  0.015064	  15.9471 -0.945986 -0.489535  0.198772  0.358348  0.170618  -0.07811
-0.533778 -0.829615 -0.171832  -2.17218 -0.026348   1.40014  0.014984	  15.9241 -0.929571 -0.419615  0.195201  0.359389  0.171216 -0.082315
-0.517866 -0.830536 -0.172217  -2.17198 -0.025988   1.40031  0.014899	   15.899 -0.912312 -0.351322  0.191383  0.360158  0.171645 -0.086381
-0.501981 -0.831439 -0.172535  -2.17179 -0.025628   1.40048  0.014811	  15.8716 -0.894248 -0.284666  0.187324  0.360681  0.171909 -0.090303
-0.486124 -0.832324 -0.172787  -2.17161 -0.025267   1.40065  0.014719	  15.8423  -0.87542  -0.21965  0.183029  0.360982  0.172012 -0.094095
-0.470297  -0.83319 -0.172975  -2.17143 -0.024906   1.40082  0.014623	   15.811 -0.855868 -0.156278  0.178506  0.361083  0.171956 -0.097755
-0.454503 -0.834036   -0.1731  -2.17125 -0.024545   1.40099  0.014523	  15.7777 -0.835631 -0.094549   0.17376  0.361005  0.171748 -0.101282
-0.438743 -0.834861 -0.173165  -2.17108 -0.024184   1.40117   0.01442	  15.7426 -0.814749 -0.034459  0.168799  0.360768  0.171389  -0.10468
-0.423019 -0.835665  -0.17317  -2.17091 -0.023823   1.40134  0.014314	  15.7057 -0.793261  0.023997   0.16363  0.360389  0.170887 -0.107955
-0.407332 -0.836447 -0.173117  -2.17075 -0.023463   1.40151  0.014205	  15.6671 -0.771206  0.080827   0.15826  0.359883  0.170241 -0.111111
-0.391686 -0.837207 -0.173009   -2.1706 -0.023104   1.40168  0.014092	  15.6267 -0.748621  0.136042  0.152697  0.359266  0.169462 -0.114148
 -0.37608 -0.837944 -0.172846  -2.17045 -0.022745   1.40185  0.013976	  15.5848 -0.725543  0.189655   0.14695  0.358553  0.168548 -0.117063
-0.360517 -0.838658  -0.17263   -2.1703 -0.022386   1.40202  0.013858	  15.5412 -0.702009  0.241679  0.141026  0.357755  0.167506 -0.119861
-0.344998 -0.839348 -0.172363  -2.17016 -0.022029   1.40218  0.013737	  15.4961 -0.678055  0.292131  0.134935  0.356882   0.16634 -0.122553
-0.329525 -0.840014 -0.172047  -2.17003 -0.021673   1.40235  0.013613	  15.4496 -0.653716  0.341028  0.128684  0.355946  0.165055 -0.125133
  -0.3141 -0.840656 -0.171682  -2.16991 -0.021317   1.40251  0.013487	  15.4015 -0.629026  0.388389  0.122282  0.354957  0.163653 -0.127602
-0.298723 -0.841272  -0.17127  -2.16979 -0.020963   1.40267  0.013358	  15.3521 -0.604019  0.434235  0.115739  0.353921  0.162142 -0.129969
-0.283396 -0.841864 -0.170814  -2.16968 -0.020609   1.40284  0.013227	  15.3013 -0.578728  0.478587  0.109063  0.352848  0.160523 -0.132228
-0.268121  -0.84243 -0.170314  -2.16957 -0.020257     1.403  0.013093	  15.2492 -0.553184  0.521468  0.102263  0.351742  0.158802 -0.134387
-0.252899  -0.84297 -0.169772  -2.16947 -0.019906   1.40315  0.012958	  15.1958 -0.527419  0.562901  0.095348  0.350611  0.156983 -0.136442
 -0.23773 -0.843485 -0.169189  -2.16938 -0.019556   1.40331  0.012821	  15.1411 -0.501463  0.602911  0.088327  0.349459  0.155068 -0.138405
-0.222616 -0.843973 -0.168566  -2.16929 -0.019207   1.40346  0.012681	  15.0869 -0.474908  0.642168  0.081554   0.34836  0.152986 -0.140515
-0.207558 -0.844435 -0.167905  -2.16922 -0.018859   1.40362   0.01254	  15.0298 -0.448672  0.679401  0.074288  0.347179  0.150981 -0.142147
-0.192557  -0.84487 -0.167208  -2.16915 -0.018513   1.40377  0.012397	  14.9716 -0.422327  0.715285  0.066957  0.345985  0.148855 -0.143796
-0.177615 -0.845279 -0.166475  -2.16908 -0.018167   1.40391  0.012252	  14.9123 -0.395901  0.749851  0.059563  0.344785  0.146632 -0.145379
-0.162733 -0.845662 -0.165709  -2.16903 -0.017823   1.40406  0.012106	  14.8519 -0.369421  0.783124  0.052114  0.343581   0.14432 -0.146878
-0.147912 -0.846018 -0.164909  -2.16898  -0.01748    1.4042  0.011959	  14.7904 -0.342911  0.815135  0.044616  0.342374  0.141933 -0.148293
-0.133153 -0.846348 -0.164079  -2.16894 -0.017138   1.40434   0.01181	   14.728 -0.316396  0.845909  0.037077  0.341167  0.139476 -0.149628
-0.118457 -0.846651 -0.163218  -2.16891 -0.016798   1.40448  0.011659	  14.6646   -0.2899  0.875476  0.029506  0.339961  0.136953 -0.150878
-0.103825 -0.846928 -0.162328  -2.16888 -0.016459   1.40462  0.011508	  14.6002 -0.263445  0.903865  0.021908  0.338755  0.134373 -0.152043
-0.089257 -0.847178 -0.161411  -2.16886  -0.01612   1.40475  0.011355	  14.5349 -0.237052  0.931103  0.014294  0.337551  0.131736 -0.153135
-0.074755 -0.847402 -0.160467  -2.16885 -0.015783   1.40488  0.011202	  14.4687 -0.210743   0.95722   0.00667  0.336347  0.129048 -0.154147
 -0.06032   -0.8476 -0.159497  -2.16885 -0.015448   1.40501  0.011047	  14.4016 -0.184537  0.982243 -0.000956  0.335144  0.126314 -0.155089
-0.045952 -0.847771 -0.158503  -2.16885 -0.015113   1.40513  0.010892	  14.3338 -0.158454    1.0062 -0.008577  0.333942  0.123536 -0.155952
-0.031653 -0.847917 -0.157485  -2.16887  -0.01478   1.40525  0.010735	   14.265 -0.132511   1.02913 -0.016185  0.332739  0.120718 -0.156749
-0.017423 -0.848036 -0.156445  -2.16889 -0.014448   1.40538  0.010578	  14.1956 -0.106726   1.05104 -0.023772  0.331535  0.117863  -0.15747
-0.003262  -0.84813 -0.155383  -2.16891 -0.014117   1.40549   0.01042	  14.1253 -0.081117   1.07197 -0.031333  0.330329  0.114973 -0.158124
 0.010827 -0.848199 -0.154301  -2.16895 -0.013787    1.4056  0.010262	  14.0543 -0.055698   1.09196 -0.038861  0.329119  0.112055 -0.158711
 0.024846 -0.848242   -0.1532  -2.16899 -0.013459   1.40572  0.010103	  13.9827 -0.030486   1.11101 -0.046348  0.327903  0.109108 -0.159237
 0.038792  -0.84826  -0.15208  -2.16904 -0.013131   1.40582  0.009944	  13.9103 -0.005495   1.12917  -0.05379  0.326683   0.10614 -0.159696
 0.052666 -0.848253 -0.150942   -2.1691 -0.012805   1.40593  0.009784	  13.8373  0.019263   1.14646 -0.061179  0.325453  0.103149 -0.160097
 0.066467 -0.848222 -0.149787  -2.16916  -0.01248   1.40603  0.009623	  13.7636  0.043772    1.1629  -0.06851  0.324214  0.100139 -0.160433
 0.080193 -0.848166 -0.148616  -2.16924 -0.012157   1.40613  0.009463	  13.6893  0.068022   1.17853 -0.075778  0.322965  0.097116 -0.160707
 0.093845 -0.848086  -0.14743  -2.16932 -0.011835   1.40622  0.009302	  13.6145  0.092001   1.19336 -0.082976  0.321703  0.094079 -0.160929
 0.107422 -0.847982  -0.14623   -2.1694 -0.011514   1.40632  0.009141	  13.5391  0.115696   1.20743 -0.090101  0.320427  0.091031 -0.161093
 0.120923 -0.847855 -0.145016  -2.16949 -0.011194   1.40641   0.00898	  13.4631  0.139098   1.22075 -0.097147  0.319136  0.087978 -0.161202
 0.134348 -0.847704 -0.143789   -2.1696 -0.010875   1.40649  0.008819	  13.3866  0.162197   1.23336 -0.104109  0.317826  0.084918  -0.16126
 0.147696  -0.84753 -0.142549   -2.1697 -0.010558   1.40658  0.008657	  13.3096  0.184984   1.24527 -0.110984  0.316496  0.081856 -0.161265
 0.160967 -0.847334 -0.141298  -2.16982 -0.010242   1.40666  0.008496	  13.2322   0.20745   1.25651 -0.117767  0.315146  0.078792 -0.161215
  0.17416 -0.847116 -0.140037  -2.16994 -0.009928   1.40673  0.008335	  13.1543  0.229586   1.26711 -0.124454  0.313772  0.075731 -0.161121
 0.187275 -0.846875 -0.138765  -2.17007 -0.009615   1.40681  0.008174	  13.0759  0.251386   1.27707 -0.131042  0.312376  0.072676 -0.160979
 0.200312 -0.846613 -0.137483   -2.1702 -0.009303   1.40688  0.008013	  12.9972  0.272842   1.28644 -0.137526  0.310953  0.069623 -0.160789
 0.213269  -0.84633 -0.136192  -2.17034 -0.008993   1.40695  0.007852	   12.918  0.293948   1.29522 -0.143904  0.309502  0.066579 -0.160555
 0.226147 -0.846025 -0.134893  -2.17049 -0.008684   1.40701  0.007692	  12.8385  0.314698   1.30345 -0.150173  0.308023  0.063546 -0.160275
 0.238946 -0.845701 -0.133585  -2.17064 -0.008377   1.40707  0.007532	  12.7586  0.335085   1.31113  -0.15633  0.306513  0.060525 -0.159955
 0.251664 -0.845355 -0.132271   -2.1708 -0.008071   1.40713  0.007372	  12.6784  0.355106   1.31829 -0.162372  0.304972  0.057517 -0.159595
 0.264303 -0.844991 -0.130949  -2.17097 -0.007767   1.40719  0.007213	  12.5979  0.374754   1.32495 -0.168298  0.303397  0.054524 -0.159191
  0.27686 -0.844606 -0.129621  -2.17114 -0.007465   1.40724  0.007054	  12.5171  0.394027   1.33112 -0.174104  0.301789  0.051549 -0.158752
 0.289337 -0.844203 -0.128287  -2.17131 -0.007164   1.40729  0.006895	   12.436   0.41292   1.33683 -0.179789  0.300146  0.048591 -0.158273
 0.301732 -0.843781 -0.126947   -2.1715 -0.006864   1.40734  0.006737	  12.3547   0.43143    1.3421 -0.185351  0.298467  0.045654 -0.157756
 0.314046  -0.84334 -0.125603  -2.17169 -0.006567   1.40738   0.00658	  12.2731  0.449553   1.34693 -0.190788  0.296749  0.042735 -0.157204
 0.326278 -0.842882 -0.124254  -2.17188 -0.006271   1.40742  0.006423	  12.1913  0.467288   1.35135 -0.196099  0.294994  0.039839 -0.156621
 0.338429 -0.842406   -0.1229  -2.17208 -0.005977   1.40746  0.006266	  12.1093  0.484631   1.35537 -0.201283    0.2932  0.036969 -0.156003
 0.350497 -0.841913 -0.121543  -2.17228 -0.005685    1.4075  0.006111	  12.0272  0.501581   1.35901 -0.206338  0.291365  0.034123 -0.155349
 0.362483 -0.841403 -0.120183  -2.17249 -0.005394   1.40753  0.005956	  11.9448  0.518136   1.36229 -0.211265  0.289491  0.031304  -0.15467
 0.374386 -0.840877 -0.118819  -2.17271 -0.005106   1.40756  0.005801	  11.8624  0.534294   1.36521 -0.216062  0.287575  0.028512  -0.15396
 0.386207 -0.840334 -0.117452  -2.17292 -0.004819   1.40759  0.005648	  11.7798  0.550056   1.36779 -0.220728  0.285618  0.025747 -0.153215
 0.397946 -0.839777 -0.116083  -2.17315 -0.004534   1.40761  0.005495	   11.697  0.565419   1.37004 -0.225263  0.283619  0.023013  -0.15245
 0.409602 -0.839204 -0.114712  -2.17337 -0.004252   1.40763  0.005343	  11.6142  0.580384   1.37199 -0.229667  0.281577  0.020307 -0.151655
 0.421174 -0.838616  -0.11334   -2.1736 -0.003971   1.40765  0.005192	  11.5313   0.59495   1.37363 -0.233939  0.279493  0.017634 -0.150834
 0.432664 -0.838014 -0.111965  -2.17384 -0.003693   1.40767  0.005041	  11.4484  0.609117   1.37499 -0.238081  0.277366  0.014994 -0.149989
 0.444071 -0.837398  -0.11059  -2.17408 -0.003417   1.40768  0.004892	  11.3654  0.622886   1.37607 -0.242091  0.275197  0.012384 -0.149116
 0.455395 -0.836768 -0.109213  -2.17433 -0.003143    1.4077  0.004743	  11.2823  0.636257   1.37688 -0.245969  0.272985  0.009808 -0.148226
 0.466636 -0.836126 -0.107836  -2.17457 -0.002871    1.4077  0.004595	  11.1993  0.649231   1.37743 -0.249716  0.270732  0.007265 -0.147309
 0.477794  -0.83547 -0.106459  -2.17482 -0.002601   1.40771  0.004448	  11.1162   0.66181   1.37775 -0.253332  0.268435  0.004758 -0.146371
 0.488868 -0.834802 -0.105081  -2.17508 -0.002334   1.40771  0.004303	  11.0332  0.673993   1.37783  -0.25682  0.266096  0.002286 -0.145412
  0.49986 -0.834122 -0.103703  -2.17534 -0.002069   1.40772  0.004158	  10.9502  0.685783   1.37768 -0.260177  0.263715 -0.000151 -0.144441
 0.510769 -0.833431 -0.102326   -2.1756 -0.001807   1.40771  0.004014	  10.8672  0.697182   1.37731 -0.263406  0.261292 -0.002552 -0.143447
 0.521594 -0.832728 -0.100949  -2.17587 -0.001546   1.40771  0.003871	  10.7843   0.70819   1.37674 -0.266506   0.25883 -0.004917 -0.142433
 0.532337 -0.832015 -0.099572  -2.17613 -0.001289    1.4077  0.003729	  10.7015   0.71881   1.37596  -0.26948  0.256325 -0.007244 -0.141403
 0.542998 -0.831291 -0.098197   -2.1764 -0.001034    1.4077  0.003588	  10.6187  0.729045   1.37499 -0.272328  0.253781 -0.009534 -0.140355
 0.553575 -0.830557 -0.096822  -2.17668 -0.000781   1.40769  0.003448	  10.5361  0.738896   1.37384  -0.27505  0.251199 -0.011787 -0.139293
  0.56407 -0.829813 -0.095449  -2.17695 -0.000532   1.40767  0.003309	  10.4536  0.748365   1.37251 -0.277649  0.248577    -0.014 -0.138215
 0.574482  -0.82906 -0.094078  -2.17723 -0.000284   1.40766  0.003172	  10.3712  0.757456   1.37101 -0.280125  0.245918 -0.016175 -0.137122
 0.584812 -0.828298 -0.092707  -2.17752    -4e-05   1.40764  0.003035	  10.2889  0.766171   1.36934 -0.282479  0.243222 -0.018313 -0.136022
  0.59506 -0.827528 -0.091339   -2.1778  0.000202   1.40762    0.0029	  10.2068  0.774512   1.36751 -0.284713   0.24049 -0.020413 -0.134903
 0.605226  -0.82675 -0.089973  -2.17808  0.000441    1.4076  0.002765	  10.1248  0.782484   1.36552 -0.286827  0.237723 -0.022474 -0.133777
  0.61531 -0.825963 -0.088608  -2.17837  0.000677   1.40758  0.002632	   10.043  0.790088   1.36339 -0.288825  0.234922 -0.024495 -0.132634
 0.625312  -0.82517 -0.087246  -2.17866  0.000911   1.40755    0.0025	  9.96143  0.797329   1.36111 -0.290705  0.232088 -0.026478 -0.131485
 0.635233 -0.824369 -0.085886  -2.17895  0.001142   1.40752  0.002369	  9.88003  0.804209    1.3587 -0.292471  0.229221 -0.028421 -0.130325
 0.645072 -0.823561 -0.084529  -2.17925  0.001369   1.40749  0.002239	  9.79884  0.810732   1.35615 -0.294122  0.226324 -0.030327 -0.129155
 0.654831 -0.822748 -0.083174  -2.17954  0.001594   1.40746  0.002111	  9.71787  0.816901   1.35346 -0.295662  0.223397 -0.032194 -0.127975
 0.664508 -0.821928 -0.081822  -2.17984  0.001816   1.40743  0.001983	  9.63713   0.82272   1.35066 -0.297091  0.220441 -0.034019 -0.126793
 0.674105 -0.821102 -0.080473  -2.18014  0.002035   1.40739  0.001857	  9.55663  0.828192   1.34773 -0.298412  0.217459 -0.035807 -0.125596
 0.683621 -0.820272 -0.079126  -2.18044  0.002251   1.40736  0.001732	  9.47638  0.833322   1.34468 -0.299624  0.214449 -0.037558 -0.124396
 0.693058 -0.819436 -0.077783  -2.18073  0.002464   1.40732  0.001608	   9.3964  0.838113   1.34151 -0.300731  0.211415 -0.039268  -0.12319
 0.702414 -0.818595 -0.076444  -2.18104  0.002674   1.40728  0.001486	  9.31668  0.842569   1.33824 -0.301733  0.208357 -0.040941 -0.121976
 0.711691 -0.817751 -0.075107  -2.18134  0.002881   1.40724  0.001364	  9.23724  0.846694   1.33485 -0.302634  0.205277 -0.042572 -0.120762
 0.720889 -0.816902 -0.073774  -2.18164  0.003084   1.40719  0.001244	   9.1581  0.850492   1.33135 -0.303432  0.202176 -0.044168 -0.119537
 0.730008  -0.81605 -0.072444  -2.18195  0.003285   1.40715  0.001125	  9.07925  0.853968   1.32775 -0.304131  0.199056 -0.045723 -0.118311
 0.739048 -0.815194 -0.071119  -2.18225  0.003482    1.4071  0.001008	  9.00071  0.857124   1.32405 -0.304732  0.195917 -0.047243 -0.117081
 0.748009 -0.814336 -0.069796  -2.18255  0.003677   1.40705  0.000891	  8.92249  0.859966   1.32025 -0.305237  0.192763 -0.048723 -0.115852
 0.756893 -0.813475 -0.068478  -2.18286  0.003868   1.40701  0.000776	  8.84458  0.862498   1.31635 -0.305648  0.189591 -0.050165 -0.114614
 0.765699 -0.812611 -0.067164  -2.18317  0.004056   1.40695  0.000662	  8.76701  0.864724   1.31236 -0.305965  0.186407  -0.05157 -0.113376
 0.774427 -0.811745 -0.065854  -2.18347  0.004241    1.4069  0.000549	  8.68978  0.866648   1.30827 -0.306192  0.183209 -0.052938 -0.112137
 0.783079 -0.810878 -0.064547  -2.18378  0.004422   1.40685  0.000438	  8.61289  0.868274   1.30408 -0.306328      0.18 -0.054269 -0.110894
 0.791653 -0.810009 -0.063245  -2.18409  0.004601   1.40679  0.000327	  8.53636  0.869608   1.29981 -0.306376  0.176782 -0.055562 -0.109655
 0.800151 -0.809139 -0.061948  -2.18439  0.004776   1.40674  0.000218	  8.46019  0.870654   1.29545 -0.306337  0.173555 -0.056819 -0.108408
 0.808574 -0.808268 -0.060655   -2.1847  0.004948   1.40668  0.000111	  8.38439  0.871416     1.291 -0.306214  0.170321 -0.058039 -0.107165
  0.81692 -0.807396 -0.059366    -2.185  0.005116   1.40662     4e-06	  8.30895  0.871898   1.28646 -0.306006  0.167082 -0.059226 -0.105927
 0.825192 -0.806524 -0.058082  -2.18531  0.005282   1.40656 -0.000101	   8.2339  0.872105   1.28184 -0.305717  0.163839 -0.060375 -0.104683
 0.833389 -0.805652 -0.056802  -2.18561  0.005444    1.4065 -0.000205	  8.15923  0.872042   1.27713 -0.305348  0.160592 -0.061488 -0.103443
 0.841511  -0.80478 -0.055528  -2.18592  0.005603   1.40644 -0.000308	  8.08496  0.871713   1.27233 -0.304901  0.157344 -0.062566 -0.102205
 0.849559 -0.803909 -0.054258  -2.18622  0.005759   1.40638  -0.00041	  8.01108  0.871123   1.26746 -0.304376  0.154097 -0.063609 -0.100965
 0.857533 -0.803038 -0.052993  -2.18653  0.005911   1.40631  -0.00051	   7.9376  0.870276    1.2625 -0.303775   0.15085 -0.064619 -0.099727
 0.865434 -0.802168 -0.051733  -2.18683   0.00606   1.40625 -0.000609	  7.86453  0.869178   1.25747   -0.3031  0.147606 -0.065595 -0.098494
 0.873262   -0.8013 -0.050478  -2.18714  0.006206   1.40618 -0.000707	  7.79187  0.867832   1.25235 -0.302353  0.144367 -0.066538 -0.097265
 0.881018 -0.800433 -0.049228  -2.18744  0.006349   1.40611 -0.000804	  7.71963  0.866243   1.24715 -0.301534  0.141133 -0.067447 -0.096035
 0.888702 -0.799567 -0.047984  -2.18774  0.006489   1.40605 -0.000899	  7.64781  0.864416   1.24188 -0.300646  0.137905 -0.068322 -0.094809
 0.896314 -0.798704 -0.046745  -2.18804  0.006625   1.40598 -0.000993	  7.57641  0.862355   1.23652 -0.299689  0.134684 -0.069165 -0.093589
 0.903855 -0.797843 -0.045511  -2.18834  0.006758   1.40591 -0.001086	  7.50544  0.860066   1.23109 -0.298665  0.131473 -0.069978 -0.092373
 0.911325 -0.796984 -0.044283  -2.18864  0.006888   1.40584 -0.001178	   7.4349  0.857552   1.22558 -0.297576  0.128272 -0.070756  -0.09116
 0.918725 -0.796128  -0.04306  -2.18893  0.007015   1.40577 -0.001269	   7.3648  0.854819      1.22 -0.296422  0.125082 -0.071505 -0.089949
 0.926055 -0.795274 -0.041843  -2.18923  0.007138   1.40569 -0.001358	  7.29514   0.85187   1.21433 -0.295207  0.121905 -0.072221 -0.088741
 0.933315 -0.794424 -0.040631  -2.18952  0.007258   1.40562 -0.001446	  7.22593  0.848712    1.2086 -0.293929  0.118743 -0.072907 -0.087542
 0.940507 -0.793577 -0.039426  -2.18982  0.007376   1.40555 -0.001533	  7.15715  0.845347   1.20279 -0.292593  0.115595  -0.07356 -0.086348
  0.94763 -0.792733 -0.038226  -2.19011   0.00749   1.40548 -0.001619	  7.08883  0.841782   1.19691 -0.291197  0.112463 -0.074185 -0.085158
 0.954685 -0.791894 -0.037032   -2.1904    0.0076    1.4054 -0.001704	  7.02095  0.838019   1.19095 -0.289744  0.109349  -0.07478 -0.083973
 0.961672 -0.791057 -0.035844  -2.19069  0.007708   1.40533 -0.001787	  6.95353  0.834065   1.18492 -0.288235  0.106253 -0.075346  -0.08279
 0.968592 -0.790225 -0.034662  -2.19098  0.007813   1.40525 -0.001869	  6.88656  0.829923   1.17881 -0.286671  0.103177 -0.075884 -0.081618
 0.975446 -0.789398 -0.033486  -2.19126  0.007915   1.40517  -0.00195	  6.82005  0.825599   1.17264 -0.285054   0.10012 -0.076392 -0.080453
 0.982233 -0.788574 -0.032317  -2.19155  0.008013    1.4051  -0.00203	    6.754  0.821096    1.1664 -0.283384  0.097084 -0.076872 -0.079293
 0.988954 -0.787756 -0.031154  -2.19183  0.008109   1.40502 -0.002109	  6.68841  0.816419   1.16008 -0.281663  0.094071 -0.077327 -0.078136
  0.99561 -0.786942 -0.029997  -2.19211  0.008201   1.40494 -0.002186	  6.62328  0.811573   1.15369 -0.279892  0.091081 -0.077753 -0.076987
   1.0022 -0.786133 -0.028846  -2.19239  0.008291   1.40487 -0.002263	  6.55861  0.806562   1.14724 -0.278073  0.088115 -0.078151 -0.075847
  1.00873 -0.785329 -0.027703  -2.19266  0.008378   1.40479 -0.002338	  6.49441   0.80139   1.14071 -0.276206  0.085174 -0.078523  -0.07471
  1.01519  -0.78453 -0.026565  -2.19294  0.008461   1.40471 -0.002412	  6.43067  0.796062   1.13412 -0.274293  0.082258 -0.078869 -0.073582
  1.02159 -0.783736 -0.025434  -2.19321  0.008542   1.40463 -0.002485	   6.3674  0.790583   1.12746 -0.272335  0.079369 -0.079189 -0.072462
  1.02792 -0.782949  -0.02431  -2.19348   0.00862   1.40455 -0.002557	   6.3046  0.784956   1.12074 -0.270332  0.076507 -0.079483 -0.071348
   1.0342 -0.782167 -0.023193  -2.19375  0.008695   1.40447 -0.002628	  6.24226  0.779186   1.11394 -0.268286  0.073673 -0.079754 -0.070241
  1.04041  -0.78139 -0.022083  -2.19402  0.008767   1.40439 -0.002698	  6.18039  0.773277   1.10709 -0.266199  0.070867 -0.079999  -0.06914
  1.04656  -0.78062 -0.020979  -2.19429  0.008837   1.40431 -0.002766	  6.11899  0.767234   1.10017  -0.26407  0.068092  -0.08022 -0.068046
  1.05265 -0.779856 -0.019882  -2.19455  0.008904   1.40423 -0.002834	  6.05806   0.76106   1.09318 -0.261901  0.065345 -0.080417 -0.066964
  1.05868 -0.779098 -0.018793  -2.19481  0.008968   1.40415   -0.0029	  5.99759  0.754761   1.08613 -0.259694  0.062629 -0.080592 -0.065886
  1.06464 -0.778346  -0.01771  -2.19507  0.009029   1.40407 -0.002966	  5.93759   0.74834   1.07902 -0.257448  0.059944 -0.080746 -0.064818
  1.07055 -0.777601 -0.016635  -2.19532  0.009087   1.40399  -0.00303	  5.87806    0.7418   1.07185 -0.255167   0.05729 -0.080874 -0.063753
   1.0764 -0.776863 -0.015566  -2.19558  0.009143   1.40391 -0.003093	 5.81899 0.735147  1.06462 -0.25285  0.05467 -0.08098  -0.0627
  1.08219 -0.776131 -0.014506  -2.19583  0.009197   1.40383 -0.003155	  5.76039  0.728384   1.05733 -0.250498  0.052082 -0.081064 -0.061656
  1.08792 -0.775406 -0.013452  -2.19608  0.009248   1.40375 -0.003216	  5.70226  0.721516   1.04998 -0.248112  0.049526 -0.081127 -0.060621
  1.09359 -0.774688 -0.012406  -2.19633  0.009296   1.40366 -0.003277	  5.64459  0.714546   1.04257 -0.245693  0.047004 -0.081169 -0.059592
  1.09921 -0.773977 -0.011367  -2.19657  0.009342   1.40358 -0.003336	  5.58739  0.707478    1.0351 -0.243243  0.044516 -0.081192 -0.058565
  1.10477 -0.773273 -0.010336  -2.19681  0.009385    1.4035 -0.003394	  5.53065  0.700316   1.02758  -0.24076  0.042061 -0.081194 -0.057551
  1.11027 -0.772577 -0.009312  -2.19705  0.009426   1.40342 -0.003451	  5.47437  0.693065   1.02001 -0.238248  0.039642 -0.081177 -0.056547
  1.11572 -0.771887 -0.008296  -2.19729  0.009464   1.40334 -0.003507	  5.41855  0.685727   1.01238 -0.235708  0.037258 -0.081137  -0.05555
  1.12111 -0.771205 -0.007287  -2.19753    0.0095   1.40326 -0.003562	  5.36319  0.678307    1.0047 -0.233139  0.034909  -0.08108 -0.054561
  1.12644 -0.770531 -0.006286  -2.19776  0.009534   1.40318 -0.003616	  5.30829  0.670808  0.996973 -0.230543  0.032595 -0.081004 -0.053582
  1.13173 -0.769863 -0.005293  -2.19799  0.009566    1.4031 -0.003669	  5.25385  0.663234  0.989191 -0.227919  0.030317  -0.08091 -0.052611
  1.13695 -0.769204 -0.004308  -2.19821  0.009595   1.40301 -0.003721	  5.19986  0.655588  0.981361 -0.225271  0.028074 -0.080798 -0.051648
  1.14213 -0.768552  -0.00333  -2.19844  0.009622   1.40294 -0.003772	  5.14633  0.647875  0.973483 -0.222599  0.025867 -0.080667 -0.050694
  1.14725 -0.767908 -0.002361  -2.19866  0.009646   1.40285 -0.003823	  5.09324  0.640097  0.965558 -0.219902  0.023697 -0.080522 -0.049748
  1.15231 -0.767272 -0.001399  -2.19888  0.009669   1.40277 -0.003872	  5.04061  0.632259  0.957589 -0.217182  0.021564 -0.080358 -0.048805
  1.15733 -0.766644 -0.000446  -2.19909   0.00969   1.40269  -0.00392	  4.98843  0.624363  0.949575 -0.214439  0.019466 -0.080178 -0.047876
  1.16229 -0.766023    0.0005   -2.1993  0.009708   1.40261 -0.003968	  4.93669  0.616413  0.941517 -0.211676  0.017404 -0.079981 -0.046957
   1.1672 -0.765411  0.001437  -2.19951  0.009724   1.40253 -0.004014	  4.88539  0.608412  0.933419 -0.208893   0.01538 -0.079767 -0.046041
  1.17206 -0.764807  0.002366  -2.19972  0.009739   1.40245  -0.00406	  4.83454  0.600364   0.92528 -0.206089  0.013393 -0.079541 -0.045138
  1.17687  -0.76421  0.003288  -2.19993  0.009751   1.40237 -0.004104	  4.78413  0.592273  0.917102 -0.203267  0.011441 -0.079298  -0.04424
  1.18163 -0.763622  0.004201  -2.20013  0.009762    1.4023 -0.004148	  4.73415   0.58414  0.908886 -0.200426  0.009526 -0.079042 -0.043356
  1.18634 -0.763042  0.005105  -2.20033   0.00977   1.40222 -0.004191	  4.68462  0.575969  0.900634 -0.197569  0.007647 -0.078768 -0.042476
    1.191  -0.76247  0.006002  -2.20052  0.009777   1.40214 -0.004233	  4.63551  0.567763  0.892347 -0.194695  0.005806  -0.07848 -0.041604
  1.19561 -0.761906   0.00689  -2.20072  0.009782   1.40206 -0.004274	  4.58684  0.559526  0.884026 -0.191804     0.004  -0.07818 -0.040741
  1.20017 -0.761351   0.00777  -2.20091  0.009785   1.40198 -0.004315	   4.5386  0.551261  0.875673 -0.188899  0.002231 -0.077868 -0.039889
  1.20469 -0.760804  0.008641   -2.2011  0.009786    1.4019 -0.004354	  4.49078  0.542969  0.867289  -0.18598  0.000498 -0.077543 -0.039038
  1.20915 -0.760265  0.009504  -2.20128  0.009786   1.40183 -0.004393	  4.44339  0.534655  0.858875 -0.183048 -0.001199 -0.077202 -0.038202
  1.21357 -0.759735  0.010359  -2.20146  0.009784   1.40175 -0.004431	  4.39641  0.526321  0.850434 -0.180102  -0.00286 -0.076851 -0.037371
  1.21795 -0.759212  0.011205  -2.20164   0.00978   1.40167 -0.004467	  4.34986   0.51797  0.841965 -0.177145 -0.004485 -0.076485 -0.036549
  1.22227 -0.758699  0.012043  -2.20182  0.009775    1.4016 -0.004504	  4.30373  0.509604  0.833471 -0.174178 -0.006075 -0.076108 -0.035741
  1.22656 -0.758193  0.012872  -2.20199  0.009768   1.40152 -0.004539	  4.25801  0.501227  0.824954 -0.171198 -0.007629 -0.075722 -0.034932
  1.23079 -0.757696  0.013693  -2.20216   0.00976   1.40145 -0.004574	   4.2127   0.49284  0.816413  -0.16821 -0.009148 -0.075324 -0.034136
  1.23498 -0.757208  0.014505  -2.20233   0.00975   1.40137 -0.004607	   4.1678  0.484447  0.807852 -0.165213 -0.010633 -0.074913 -0.033346
  1.23913 -0.756727  0.015308  -2.20249  0.009739   1.40129  -0.00464	   4.1233   0.47605  0.799271 -0.162207 -0.012083 -0.074492  -0.03257
  1.24323 -0.756255  0.016103  -2.20265  0.009726   1.40122 -0.004672	  4.07921  0.467652  0.790672 -0.159194 -0.013498 -0.074061 -0.031798
  1.24728 -0.755792   0.01689  -2.20281  0.009712   1.40115 -0.004704	  4.03552  0.459255  0.782056 -0.156174 -0.014879  -0.07362 -0.031035
   1.2513 -0.755337  0.017667  -2.20296  0.009696   1.40107 -0.004734	  3.99223  0.450861  0.773424 -0.153147 -0.016226 -0.073169 -0.030275
  1.25527  -0.75489  0.018437  -2.20311  0.009679     1.401 -0.004764	  3.94933  0.442473  0.764779 -0.150115 -0.017538 -0.072711 -0.029531
   1.2592 -0.754452  0.019197  -2.20326  0.009661   1.40093 -0.004794	  3.90683  0.434093  0.756121 -0.147078 -0.018818 -0.072243  -0.02879
  1.26308 -0.754022  0.019949  -2.20341  0.009642   1.40086 -0.004822	  3.86472  0.425723  0.747453 -0.144037 -0.020064 -0.071764 -0.028053
 1.26693  -0.7536 0.020692 -2.20355 0.009621  1.40078 -0.00485	  3.82299  0.417366  0.738774 -0.140993 -0.021278 -0.071277  -0.02733
  1.27073 -0.753187  0.021426  -2.20369  0.009599   1.40071 -0.004877	  3.78165  0.409024  0.730087 -0.137945  -0.02246 -0.070784 -0.026611
  1.27449 -0.752782  0.022152  -2.20383  0.009576   1.40064 -0.004903	  3.74069  0.400698  0.721394 -0.134895 -0.023608 -0.070283 -0.025902
  1.27821 -0.752386  0.022869  -2.20396  0.009552   1.40057 -0.004928	  3.70011  0.392391  0.712695 -0.131845 -0.024725 -0.069773 -0.025202
  1.28189 -0.751998  0.023577  -2.20409  0.009526    1.4005 -0.004953	  3.65991  0.384104  0.703992 -0.128793 -0.025811 -0.069255 -0.024512
  1.28553 -0.751618  0.024277  -2.20422    0.0095   1.40044 -0.004977	  3.62007  0.375841  0.695287  -0.12574 -0.026865 -0.068732 -0.023826
  1.28913 -0.751246  0.024968  -2.20434  0.009473   1.40037 -0.005001	  3.58061  0.367602   0.68658 -0.122688 -0.027889 -0.068202 -0.023148
  1.29269 -0.750882   0.02565  -2.20446  0.009444    1.4003 -0.005024	  3.54152   0.35939  0.677874 -0.119638 -0.028882 -0.067663 -0.022475
  1.29621 -0.750527  0.026324  -2.20458  0.009415   1.40023 -0.005046	  3.50279  0.351206  0.669169 -0.116589 -0.029845 -0.067121 -0.021809
   1.2997  -0.75018  0.026988   -2.2047  0.009385   1.40016 -0.005067	  3.46443  0.343052  0.660466 -0.113543 -0.030779  -0.06657 -0.021154
  1.30314 -0.749841  0.027645  -2.20481  0.009353    1.4001 -0.005088	  3.42642   0.33493  0.651769 -0.110499 -0.031684 -0.066014 -0.020508
  1.30655  -0.74951  0.028292  -2.20492  0.009321   1.40003 -0.005108	  3.38877  0.326841  0.643076 -0.107458 -0.032559 -0.065453 -0.019866
  1.30992 -0.749187  0.028931  -2.20502  0.009288   1.39997 -0.005128	  3.35148  0.318788   0.63439 -0.104421 -0.033405 -0.064886 -0.019233
  1.31326 -0.748872  0.029561  -2.20512  0.009255    1.3999 -0.005147	  3.31454  0.310771  0.625713  -0.10139 -0.034224 -0.064315 -0.018604
  1.31655 -0.748566  0.030182  -2.20522   0.00922   1.39984 -0.005165	  3.27794  0.302792  0.617045 -0.098364 -0.035016  -0.06374 -0.017983
  1.31981 -0.748267  0.030795  -2.20532  0.009185   1.39977 -0.005183	  3.24169  0.294853  0.608388 -0.095344 -0.035779  -0.06316 -0.017372
  1.32303 -0.747976  0.031399  -2.20542  0.009148   1.39971   -0.0052	  3.20578  0.286955  0.599743  -0.09233 -0.036517 -0.062573 -0.016765
  1.32622 -0.747693  0.031994  -2.20551  0.009112   1.39965 -0.005216	  3.17021    0.2791  0.591111 -0.089323 -0.037227 -0.061983 -0.016166
  1.32937 -0.747418  0.032581   -2.2056  0.009074   1.39959 -0.005232	  3.13498  0.271289  0.582494 -0.086324 -0.037912 -0.061391 -0.015577
  1.33249  -0.74715  0.033159  -2.20568  0.009036   1.39953 -0.005248	  3.10009  0.263523  0.573893 -0.083332  -0.03857 -0.060793 -0.014993
  1.33557 -0.746891  0.033729  -2.20576  0.008997   1.39947 -0.005262	  3.06553  0.255804  0.565308  -0.08035 -0.039203 -0.060192  -0.01441
  1.33862 -0.746639   0.03429  -2.20584  0.008957   1.39941 -0.005276	  3.03129  0.248132  0.556742 -0.077377 -0.039812  -0.05959 -0.013843
  1.34164 -0.746394  0.034842  -2.20592  0.008917   1.39935  -0.00529	  2.99738  0.240509  0.548195 -0.074413 -0.040395 -0.058984  -0.01328
  1.34462 -0.746158  0.035386  -2.20599  0.008877   1.39929 -0.005303	   2.9638  0.232937  0.539669  -0.07146 -0.040955 -0.058375  -0.01272
  1.34757 -0.745928  0.035922  -2.20606  0.008835   1.39923 -0.005315	  2.93053  0.225415  0.531165 -0.068517 -0.041491 -0.057763 -0.012169
  1.35048 -0.745707  0.036449  -2.20613  0.008794   1.39917 -0.005327	  2.89759  0.217946  0.522683 -0.065586 -0.042003 -0.057149 -0.011627
  1.35336 -0.745493  0.036967  -2.20619  0.008751   1.39912 -0.005339	  2.86496   0.21053  0.514225 -0.062667 -0.042494 -0.056532 -0.011089
  1.35621 -0.745286  0.037477  -2.20625  0.008709   1.39906 -0.005349	   2.8323  0.203062   0.50584 -0.059738 -0.042978 -0.055983  -0.01054
  1.35903 -0.745086  0.037979  -2.20631  0.008665   1.39901  -0.00536	  2.80031  0.195758  0.497423 -0.056848  -0.04343 -0.055335 -0.010022
  1.36181 -0.744894  0.038472  -2.20636  0.008622   1.39895  -0.00537	  2.76863  0.188511  0.489034 -0.053968 -0.043857 -0.054698   -0.0095
  1.36456 -0.744709  0.038957  -2.20642  0.008578   1.39889 -0.005379	  2.73725  0.181321  0.480675 -0.051101 -0.044263 -0.054066 -0.008987
  1.36729 -0.744531  0.039433  -2.20647  0.008533   1.39884 -0.005388	  2.70617  0.174188  0.472345 -0.048248 -0.044648 -0.053435 -0.008482
  1.36998 -0.744361  0.039901  -2.20651  0.008488   1.39879 -0.005396	   2.6754  0.167115  0.464047 -0.045409  -0.04501 -0.052803 -0.007982
  1.37264 -0.744197  0.040361  -2.20656  0.008443   1.39874 -0.005403	  2.64492  0.160101   0.45578 -0.042585 -0.045351 -0.052174 -0.007489
  1.37527 -0.744041  0.040813   -2.2066  0.008398   1.39868 -0.005411	  2.61474  0.153148  0.447546 -0.039776 -0.045673 -0.051547 -0.007007
  1.37787 -0.743891  0.041256  -2.20664  0.008352   1.39863 -0.005417	  2.58484  0.146255  0.439346 -0.036983 -0.045976 -0.050919 -0.006524
  1.38044 -0.743748  0.041692  -2.20667  0.008306   1.39858 -0.005424	  2.55524  0.139425  0.431181 -0.034206 -0.046259 -0.050292 -0.006052
  1.38298 -0.743612  0.042119  -2.20671  0.008259   1.39853  -0.00543	  2.52593  0.132656   0.42305 -0.031446 -0.046523 -0.049664  -0.00558
  1.38549 -0.743483  0.042538  -2.20674  0.008213   1.39848 -0.005435	   2.4969   0.12595  0.414956 -0.028704 -0.046769 -0.049035 -0.005115
 1.38797 -0.74336 0.042949 -2.20676 0.008166  1.39843 -0.00544	  2.46815  0.119308    0.4069 -0.025979 -0.046998 -0.048408  -0.00466
  1.39042 -0.743244  0.043352  -2.20679  0.008119   1.39839 -0.005444	  2.43968   0.11273  0.398881 -0.023272 -0.047209 -0.047781 -0.004209
  1.39285 -0.743135  0.043747  -2.20681  0.008071   1.39834 -0.005448	  2.41149  0.106217  0.390901 -0.020584 -0.047403 -0.047154 -0.003766
  1.39525 -0.743032  0.044133  -2.20683  0.008024   1.39829 -0.005452	  2.38358  0.099769   0.38296 -0.017915 -0.047579  -0.04653 -0.003327
  1.39762 -0.742935  0.044512  -2.20685  0.007976   1.39825 -0.005455	  2.35594  0.093386  0.375061 -0.015264  -0.04774 -0.045905 -0.002891
  1.39996 -0.742845  0.044884  -2.20686  0.007928    1.3982 -0.005458	  2.32857   0.08707  0.367202 -0.012634 -0.047884 -0.045282 -0.002462
  1.40227 -0.742761  0.045247  -2.20687  0.007881   1.39816  -0.00546	  2.30146  0.080819  0.359385 -0.010023 -0.048014 -0.044659 -0.002038
  1.40456 -0.742683  0.045602  -2.20688  0.007832   1.39811 -0.005462	  2.27463  0.074636  0.351611 -0.007433 -0.048129 -0.044036 -0.001621
  1.40682 -0.742611   0.04595  -2.20689  0.007784   1.39807 -0.005463	  2.24805  0.068519  0.343881 -0.004862 -0.048228 -0.043417  -0.00121
  1.40906 -0.742546   0.04629  -2.20689  0.007736   1.39802 -0.005464	  2.22174   0.06247  0.336194 -0.002313 -0.048313 -0.042798 -0.000806
  1.41127 -0.742486  0.046623  -2.20689  0.007688   1.39798 -0.005465	  2.19569  0.056489  0.328552  0.000215 -0.048384 -0.042182 -0.000405
  1.41345 -0.742433  0.046947  -2.20689  0.007639   1.39794 -0.005465	   2.1699  0.050576  0.320955  0.002721 -0.048443 -0.041566    -8e-06
  1.41561 -0.742385  0.047264  -2.20689  0.007591    1.3979 -0.005465	  2.14436  0.044731  0.313405  0.005205 -0.048487 -0.040951  0.000381
  1.41774 -0.742343  0.047574  -2.20688  0.007542   1.39786 -0.005464	  2.11907  0.038955  0.305901  0.007668 -0.048518 -0.040339  0.000767
  1.41985 -0.742307  0.047876  -2.20687  0.007494   1.39782 -0.005463	  2.09404  0.033248  0.298445  0.010109 -0.048537 -0.039733  0.001144
  1.42193 -0.742277  0.048171  -2.20686  0.007445   1.39778 -0.005462	  2.06925  0.027609  0.291036  0.012527 -0.048544 -0.039128  0.001517
  1.42398 -0.742252  0.048458  -2.20684  0.007397   1.39774  -0.00546	  2.04471  0.022039  0.283676  0.014922 -0.048538 -0.038523  0.001888
  1.42602 -0.742233  0.048738  -2.20683  0.007348    1.3977 -0.005458	  2.02041  0.016539  0.276364  0.017294 -0.048522  -0.03792  0.002251
  1.42803 -0.742219  0.049011  -2.20681    0.0073   1.39766 -0.005456	  1.99636  0.011108  0.269103  0.019642 -0.048493 -0.037321   0.00261
  1.43001 -0.742211  0.049277  -2.20679  0.007251   1.39763 -0.005453	  1.97254  0.005746  0.261891  0.021967 -0.048454 -0.036723  0.002967
  1.43197 -0.742207  0.049535  -2.20677  0.007203   1.39759  -0.00545	  1.94897  0.000454   0.25473  0.024269 -0.048404  -0.03613  0.003315
  1.43391  -0.74221  0.049786  -2.20674  0.007154   1.39755 -0.005446	  1.92563 -0.004769  0.247619  0.026546 -0.048343  -0.03554   0.00366
  1.43582 -0.742217   0.05003  -2.20671  0.007106   1.39752 -0.005442	  1.90252 -0.009922  0.240561  0.028799 -0.048272 -0.034952  0.003996
  1.43771 -0.742229  0.050267  -2.20668  0.007058   1.39748 -0.005438	  1.87965 -0.015006  0.233554  0.031027 -0.048192 -0.034369  0.004329
  1.43958 -0.742247  0.050497  -2.20665   0.00701   1.39745 -0.005434	  1.85701 -0.020021    0.2266  0.033231 -0.048102 -0.033787  0.004659
  1.44143 -0.742269   0.05072  -2.20662  0.006962   1.39742 -0.005429	  1.83459 -0.024966  0.219698   0.03541 -0.048003 -0.033209  0.004987
  1.44325 -0.742297  0.050937  -2.20658  0.006914   1.39738 -0.005424	   1.8124 -0.029841   0.21285  0.037565 -0.047895 -0.032636  0.005307
  1.44505 -0.742329  0.051146  -2.20654  0.006866   1.39735 -0.005418	  1.79043 -0.034648  0.206055  0.039694 -0.047778 -0.032066  0.005623
  1.44683 -0.742366  0.051349   -2.2065  0.006818   1.39732 -0.005413	  1.76869 -0.039385  0.199314  0.041798 -0.047653 -0.031497   0.00593
  1.44859 -0.742408  0.051545  -2.20646  0.006771   1.39729 -0.005406	  1.74717 -0.044053  0.192628  0.043876 -0.047519 -0.030935  0.006241
  1.45033 -0.742454  0.051734  -2.20641  0.006723   1.39726   -0.0054	  1.72586 -0.048652  0.185996  0.045929 -0.047378 -0.030374  0.006538
  1.45204 -0.742505  0.051917  -2.20637  0.006676   1.39723 -0.005393	  1.70477 -0.053182  0.179419  0.047956 -0.047228 -0.029818  0.006836
  1.45374  -0.74256  0.052093  -2.20632  0.006629    1.3972 -0.005386	   1.6839 -0.057644  0.172897  0.049958 -0.047072 -0.029267  0.007127
  1.45541  -0.74262  0.052263  -2.20627  0.006582   1.39717 -0.005379	  1.66324 -0.062037  0.166431  0.051933 -0.046909 -0.028718  0.007415
  1.45706 -0.742685  0.052426  -2.20621  0.006535   1.39714 -0.005372	  1.64279 -0.066361  0.160021  0.053883 -0.046739 -0.028173    0.0077
   1.4587 -0.742753  0.052583  -2.20616  0.006488   1.39711 -0.005364	  1.62255 -0.070617  0.153667  0.055807 -0.046561 -0.027634  0.007984
  1.46031 -0.742826  0.052733   -2.2061  0.006442   1.39708 -0.005356	  1.60251 -0.074806  0.147369  0.057705 -0.046378 -0.027098  0.008258
   1.4619 -0.742903  0.052877  -2.20604  0.006395   1.39706 -0.005347	  1.58268 -0.078927  0.141128  0.059575 -0.046188 -0.026565   0.00853
  1.46347 -0.742984  0.053016  -2.20598  0.006349   1.39703 -0.005339	  1.56306  -0.08298  0.134944   0.06142 -0.045992 -0.026038  0.008793
  1.46503 -0.743068  0.053147  -2.20592  0.006303   1.39701  -0.00533	  1.54364 -0.086966  0.128817  0.063238  -0.04579 -0.025513  0.009059
  1.46656 -0.743157  0.053273  -2.20586  0.006258   1.39698  -0.00532	  1.52442 -0.090886  0.122747   0.06503 -0.045582 -0.024996  0.009317
  1.46808  -0.74325  0.053393  -2.20579  0.006212   1.39696 -0.005311	  1.50539 -0.094739  0.116734  0.066795 -0.045371 -0.024479  0.009566
  1.46957 -0.743347  0.053507  -2.20572  0.006167   1.39693 -0.005301	  1.48657 -0.098525  0.110779  0.068533 -0.045153  -0.02397  0.009817
  1.47105 -0.743447  0.053615  -2.20565  0.006122   1.39691 -0.005291	  1.46793 -0.102245  0.104881  0.070245 -0.044931 -0.023463  0.010062
  1.47251 -0.743551  0.053716  -2.20558  0.006077   1.39688 -0.005281	   1.4495   -0.1059  0.099041   0.07193 -0.044704 -0.022963  0.010303
  1.47395 -0.743659  0.053813  -2.20551  0.006033   1.39686 -0.005271	  1.43125 -0.109489   0.09326  0.073588 -0.044473 -0.022465  0.010542
 1.47537 -0.74377 0.053903 -2.20544 0.005988  1.39684 -0.00526	   1.4132 -0.113013  0.087536   0.07522 -0.044238 -0.021974  0.010779
  1.47677 -0.743885  0.053988  -2.20536  0.005944   1.39682 -0.005249	  1.39533 -0.116473   0.08187  0.076825 -0.043998 -0.021484  0.011007
  1.47816 -0.744003  0.054067  -2.20528    0.0059    1.3968 -0.005238	  1.37765 -0.119868  0.076263  0.078403 -0.043755 -0.021003  0.011232
  1.47953 -0.744125   0.05414   -2.2052  0.005857   1.39678 -0.005227	  1.36015 -0.123199  0.070714  0.079955 -0.043507 -0.020527  0.011454
  1.48088  -0.74425  0.054208  -2.20512  0.005813   1.39676 -0.005215	  1.34284 -0.126466  0.065223   0.08148 -0.043257 -0.020053  0.011676
  1.48222 -0.744378  0.054271  -2.20504   0.00577   1.39674 -0.005203	  1.32571  -0.12967  0.059791  0.082979 -0.043002 -0.019583  0.011888
  1.48353 -0.744509  0.054328  -2.20496  0.005727   1.39672 -0.005191	  1.30876 -0.132811  0.054417   0.08445 -0.042745 -0.019119  0.012096
  1.48483 -0.744643   0.05438  -2.20487  0.005685    1.3967 -0.005179	    1.292  -0.13589  0.049102  0.085895 -0.042485  -0.01866  0.012304
  1.48612 -0.744781  0.054426  -2.20478  0.005642   1.39668 -0.005167	   1.2754 -0.138906  0.043845  0.087314 -0.042222 -0.018205  0.012508
  1.48738 -0.744921  0.054467   -2.2047    0.0056   1.39666 -0.005154	  1.25899 -0.141861  0.038647  0.088706 -0.041956 -0.017756   0.01271
  1.48863 -0.745064  0.054503  -2.20461  0.005558   1.39664 -0.005141	  1.24275 -0.144755  0.033507  0.090071 -0.041688 -0.017311  0.012905
  1.48987  -0.74521  0.054534  -2.20452  0.005517   1.39663 -0.005128	  1.22668 -0.147588  0.028426   0.09141 -0.041416 -0.016871  0.013096
  1.49109 -0.745359   0.05456  -2.20442  0.005475   1.39661 -0.005115	  1.21078 -0.150361  0.023403  0.092722 -0.041144 -0.016436  0.013284
  1.49229 -0.745511  0.054581  -2.20433  0.005434    1.3966 -0.005102	  1.19505 -0.153074  0.018439  0.094009 -0.040868 -0.016008  0.013472
  1.49348 -0.745666  0.054597  -2.20424  0.005394   1.39658 -0.005088	  1.17949 -0.155727  0.013533  0.095269 -0.040591 -0.015584  0.013655
  1.49465 -0.745823  0.054608  -2.20414  0.005353   1.39656 -0.005075	   1.1641 -0.158321  0.008685  0.096503 -0.040313 -0.015165  0.013832
  1.49581 -0.745982  0.054615  -2.20404  0.005313   1.39655 -0.005061	  1.14887 -0.160857  0.003896  0.097711 -0.040032 -0.014749  0.014011
  1.49695 -0.746144  0.054616  -2.20394  0.005273   1.39653 -0.005047	  1.13381 -0.163334 -0.000836  0.098892  -0.03975 -0.014338  0.014184
  1.49807 -0.746309  0.054613  -2.20384  0.005234   1.39652 -0.005032	  1.11891 -0.165754 -0.005509  0.100048 -0.039467 -0.013933  0.014352
  1.49919 -0.746476  0.054605  -2.20374  0.005194   1.39651 -0.005018	  1.10417 -0.168117 -0.010125  0.101178 -0.039183 -0.013534  0.014513
  1.50028 -0.746645  0.054593  -2.20364  0.005155   1.39649 -0.005003	  1.08959 -0.170423 -0.014683  0.102282 -0.038897 -0.013139  0.014676
  1.50137 -0.746817  0.054576  -2.20354  0.005116   1.39648 -0.004988	  1.07517 -0.172673 -0.019183  0.103361  -0.03861  -0.01275  0.014833
  1.50243  -0.74699  0.054554  -2.20344  0.005078   1.39647 -0.004974	  1.06091 -0.174866 -0.023625  0.104415 -0.038322 -0.012366  0.014986
  1.50349 -0.747166  0.054529  -2.20333   0.00504   1.39646 -0.004958	   1.0468 -0.177005  -0.02801  0.105442 -0.038034 -0.011984  0.015143
  1.50453 -0.747344  0.054498  -2.20323  0.005002   1.39644 -0.004943	  1.03285 -0.179089 -0.032338  0.106445 -0.037745 -0.011609  0.015287
  1.50555 -0.747524  0.054464  -2.20312  0.004964   1.39643 -0.004928	  1.01904 -0.181119 -0.036608  0.107422 -0.037455 -0.011239  0.015433
  1.50656 -0.747706  0.054425  -2.20301  0.004927   1.39642 -0.004912	   1.0054 -0.183095 -0.040821  0.108375 -0.037165 -0.010874  0.015578
  1.50756 -0.747891  0.054382   -2.2029   0.00489   1.39641 -0.004897	 0.991896 -0.185018 -0.044977  0.109302 -0.036875 -0.010514  0.015715
  1.50855 -0.748077  0.054335  -2.20279  0.004853    1.3964 -0.004881	 0.978546 -0.186888 -0.049077  0.110205 -0.036584 -0.010159  0.015855
  1.50952 -0.748264  0.054284  -2.20268  0.004817   1.39639 -0.004865	 0.965343 -0.188706  -0.05312  0.111084 -0.036293 -0.009809  0.015987
  1.51048 -0.748454  0.054229  -2.20257  0.004781   1.39638 -0.004849	 0.952287 -0.190471 -0.057107  0.111939 -0.036002 -0.009464  0.016117
  1.51143 -0.748645   0.05417  -2.20246  0.004745   1.39637 -0.004833	 0.939376 -0.192186 -0.061038  0.112768 -0.035712 -0.009123  0.016245
  1.51236 -0.748838  0.054107  -2.20234  0.004709   1.39636 -0.004817	 0.926608  -0.19385 -0.064914  0.113573 -0.035421 -0.008788   0.01637
  1.51328 -0.749033   0.05404  -2.20223  0.004674   1.39635   -0.0048	 0.913983 -0.195464 -0.068733  0.114355  -0.03513 -0.008457  0.016494
  1.51419 -0.749229   0.05397  -2.20212  0.004639   1.39634 -0.004784	 0.901499 -0.197028 -0.072497  0.115113  -0.03484  -0.00813   0.01661
  1.51508 -0.749427  0.053895    -2.202  0.004604   1.39634 -0.004767	 0.889155 -0.198543 -0.076205  0.115847  -0.03455  -0.00781  0.016728
  1.51597 -0.749626  0.053817  -2.20188   0.00457   1.39633  -0.00475	  0.87695 -0.200009 -0.079859  0.116559  -0.03426 -0.007494  0.016839
  1.51684 -0.749827  0.053736  -2.20177  0.004536   1.39632 -0.004733	 0.864881 -0.201427 -0.083457  0.117246 -0.033971 -0.007182  0.016948
  1.51769 -0.750029   0.05365  -2.20165  0.004502   1.39631 -0.004716	 0.852949 -0.202797 -0.087002  0.117911 -0.033683 -0.006876  0.017054
  1.51854 -0.750232  0.053562  -2.20153  0.004468   1.39631 -0.004699	 0.841153  -0.20412 -0.090491  0.118553 -0.033395 -0.006574  0.017158
  1.51938 -0.750437  0.053469  -2.20141  0.004435    1.3963 -0.004682	  0.82949 -0.205397 -0.093927  0.119171 -0.033108 -0.006277  0.017261
   1.5202 -0.750643  0.053374  -2.20129  0.004402    1.3963 -0.004665	 0.817959 -0.206628 -0.097309  0.119768 -0.032821 -0.005986  0.017362
  1.52101  -0.75085  0.053275  -2.20117   0.00437   1.39629 -0.004647	  0.80656 -0.207813 -0.100638  0.120342 -0.032536 -0.005699   0.01746
  1.52181 -0.751059  0.053173  -2.20105  0.004337   1.39628  -0.00463	 0.795291 -0.208953 -0.103913  0.120893 -0.032252 -0.005416  0.017551
   1.5226 -0.751268  0.053067  -2.20093  0.004305   1.39628 -0.004612	 0.784024 -0.210098 -0.107195  0.121445 -0.031966 -0.005142   0.01764
  1.52338 -0.751479  0.052958  -2.20081  0.004273   1.39627 -0.004594	 0.773016 -0.211149 -0.110365  0.121952 -0.031685 -0.004865  0.017734
  1.52415 -0.751691  0.052846  -2.20069  0.004242   1.39627 -0.004577	 0.762135 -0.212155 -0.113482  0.122438 -0.031405 -0.004595   0.01782
  1.52491 -0.751903  0.052731  -2.20056   0.00421   1.39627 -0.004559	 0.751379 -0.213119 -0.116547  0.122902 -0.031126 -0.004329  0.017908
  1.52565 -0.752117  0.052613  -2.20044  0.004179   1.39626 -0.004541	 0.740747 -0.214041  -0.11956  0.123346 -0.030847 -0.004069  0.017989
  1.52639 -0.752331  0.052492  -2.20032  0.004149   1.39626 -0.004523	 0.730238 -0.214921 -0.122522  0.123768 -0.030569 -0.003815  0.018067
  1.52711 -0.752547  0.052368  -2.20019  0.004118   1.39625 -0.004505	 0.719732 -0.215805  -0.12549  0.124191  -0.03029 -0.003569  0.018143
  1.52783 -0.752763  0.052241  -2.20007  0.004088   1.39625 -0.004486	  0.70947 -0.216602 -0.128349  0.124571 -0.030016 -0.003319  0.018221
  1.52853  -0.75298  0.052111  -2.19994  0.004058   1.39625 -0.004468	 0.699327 -0.217358 -0.131158  0.124931 -0.029744 -0.003074  0.018288
  1.52923 -0.753198  0.051979  -2.19982  0.004029   1.39624  -0.00445	 0.689304 -0.218074 -0.133916   0.12527 -0.029472 -0.002835  0.018358
  1.52991 -0.753416  0.051844  -2.19969  0.003999   1.39624 -0.004431	 0.679397 -0.218751 -0.136624   0.12559 -0.029203 -0.002601  0.018426
  1.53059 -0.753635  0.051706  -2.19957   0.00397   1.39624 -0.004413	 0.669607 -0.219389 -0.139282  0.125891 -0.028934 -0.002374  0.018487
  1.53125 -0.753855  0.051565  -2.19944  0.003941   1.39624 -0.004394	 0.659933 -0.219989  -0.14189  0.126172 -0.028666 -0.002149  0.018551
  1.53125 -0.753855  0.051565  -2.19944  0.003941   1.39624 -0.004394	 0.659933 -0.219989  -0.14189  0.126172 -0.028666 -0.002149  0.018551
  1.53125 -0.753855  0.051565  -2.19944  0.003941   1.39624 -0.004394	 0.650372 -0.220551  -0.14445  0.126434   -0.0284  -0.00193  0.018608
  1.53319 -0.754517  0.051128  -2.19906  0.003857   1.39623 -0.004338	 0.631632 -0.221674 -0.149718  0.126958 -0.028022 -0.001577  0.018931
  1.53381 -0.754739  0.050977  -2.19894  0.003829   1.39623  -0.00432	 0.622391 -0.222125 -0.152115  0.127155 -0.027736 -0.001337  0.018824
  1.53443 -0.754962  0.050824  -2.19881  0.003801   1.39623 -0.004301	 0.613265  -0.22254 -0.154465  0.127337 -0.027452 -0.001115  0.018844
  1.53504 -0.755184  0.050668  -2.19868  0.003774   1.39623 -0.004282	 0.604251 -0.222918 -0.156768  0.127503 -0.027173 -0.000906  0.018885
  1.53564 -0.755407   0.05051  -2.19855  0.003747   1.39623 -0.004263	 0.595346 -0.223262 -0.159025  0.127652 -0.026898 -0.000705  0.018927
  1.53623 -0.755631   0.05035  -2.19842   0.00372   1.39623 -0.004244	 0.586443  -0.22361 -0.161291    0.1278 -0.026623  -0.00051  0.018967
  1.53681 -0.755855  0.050188   -2.1983  0.003693   1.39623 -0.004225	 0.577757 -0.223885 -0.163458  0.127913  -0.02636 -0.000318  0.019014
  1.53739 -0.756079  0.050023  -2.19817  0.003667   1.39623 -0.004206	 0.569176 -0.224127  -0.16558   0.12801 -0.026099 -0.000134  0.019055
  1.53795 -0.756303  0.049856  -2.19804  0.003641   1.39623 -0.004187	   0.5607 -0.224336 -0.167657  0.128089 -0.025842   4.6e-05  0.019093
  1.53851 -0.756527  0.049688  -2.19791  0.003616   1.39623 -0.004168	 0.552327 -0.224513 -0.169689  0.128151 -0.025589  0.000221  0.019129
  1.53906 -0.756752  0.049517  -2.19779   0.00359   1.39623 -0.004149	 0.544057 -0.224658 -0.171678  0.128197 -0.025339  0.000392  0.019163
  1.53906 -0.756752  0.049517  -2.19779   0.00359   1.39623 -0.004149	 0.544057 -0.224658 -0.171678  0.128197 -0.025339  0.000392  0.019163
  1.54013 -0.757201   0.04917  -2.19753   0.00354   1.39623  -0.00411	 0.527624 -0.224923 -0.175626  0.128269  -0.02484   0.00072  0.019225
  1.54065 -0.757426  0.048993   -2.1974  0.003515   1.39623 -0.004091	 0.519662 -0.224974 -0.177483  0.128265 -0.024601  0.000883  0.019257
  1.54117 -0.757651  0.048815  -2.19727  0.003491   1.39623 -0.004072	 0.511797 -0.224996 -0.179297  0.128245 -0.024363  0.001042  0.019285
  1.54167 -0.757876  0.048635  -2.19714  0.003466   1.39623 -0.004052	 0.504031 -0.224987 -0.181068  0.128209 -0.024127  0.001195  0.019311
  1.54218 -0.758101  0.048453  -2.19702  0.003442   1.39623 -0.004033	  0.49636  -0.22495 -0.182797  0.128158 -0.023894  0.001344   0.01933
  1.54267 -0.758326  0.048269  -2.19689  0.003419   1.39623 -0.004014	 0.488784 -0.224884 -0.184483  0.128092 -0.023662  0.001489  0.019352
  1.54315 -0.758551  0.048084  -2.19676  0.003395   1.39623 -0.003994	 0.481303  -0.22479 -0.186128  0.128011 -0.023433   0.00163  0.019373
  1.54363 -0.758776  0.047897  -2.19663  0.003372   1.39623 -0.003975	 0.473916 -0.224668 -0.187731  0.127915 -0.023205  0.001768  0.019386
   1.5441    -0.759  0.047708   -2.1965  0.003349   1.39624 -0.003956	  0.46662 -0.224519 -0.189293  0.127805  -0.02298  0.001902  0.019403
  1.54456 -0.759225  0.047518  -2.19638  0.003326   1.39624 -0.003936	 0.459417 -0.224344 -0.190814   0.12768 -0.022757  0.002033  0.019419
  1.54502 -0.759449  0.047327  -2.19625  0.003303   1.39624 -0.003917	 0.452304 -0.224142 -0.192294  0.127541 -0.022536  0.002159  0.019427
  1.54547 -0.759673  0.047134  -2.19612  0.003281   1.39624 -0.003897	 0.445282 -0.223915 -0.193735  0.127388 -0.022317  0.002284   0.01944
  1.54591 -0.759897  0.046939  -2.19599  0.003259   1.39624 -0.003878	 0.438348 -0.223662 -0.195137  0.127221 -0.022101  0.002405  0.019445
  1.54635  -0.76012  0.046743  -2.19587  0.003237   1.39625 -0.003859	 0.431503 -0.223384 -0.196499   0.12704 -0.021886  0.002523  0.019454
  1.54677 -0.760344  0.046546  -2.19574  0.003215   1.39625 -0.003839	 0.424745 -0.223082 -0.197822  0.126846 -0.021674  0.002636  0.019463
   1.5472 -0.760566  0.046348  -2.19561  0.003193   1.39625  -0.00382	 0.418073 -0.222756 -0.199106   0.12664 -0.021463  0.002748  0.019463
  1.54761 -0.760789  0.046148  -2.19549  0.003172   1.39626   -0.0038	 0.411486 -0.222406 -0.200353   0.12642 -0.021254  0.002856  0.019467
  1.54802 -0.761011  0.045947  -2.19536  0.003151   1.39626 -0.003781	 0.404984 -0.222033 -0.201562  0.126188 -0.021047  0.002959  0.019465
  1.54842 -0.761233  0.045745  -2.19523   0.00313   1.39626 -0.003761	 0.398566 -0.221637 -0.202734  0.125944 -0.020843   0.00306  0.019466
  1.54882 -0.761455  0.045542  -2.19511  0.003109   1.39627 -0.003742	 0.392231 -0.221219 -0.203868  0.125687 -0.020641  0.003158  0.019461
   1.5492 -0.761676  0.045337  -2.19498  0.003088   1.39627 -0.003722	 0.385978 -0.220779 -0.204966  0.125418  -0.02044  0.003253  0.019458
  1.54959 -0.761896  0.045132  -2.19486  0.003068   1.39627 -0.003703	 0.379806 -0.220317 -0.206028  0.125138 -0.020241  0.003345  0.019451
  1.54996 -0.762116  0.044925  -2.19473  0.003048   1.39627 -0.003683	 0.373715 -0.219834 -0.207054  0.124846 -0.020045  0.003433  0.019445
  1.55033 -0.762336  0.044718  -2.19461  0.003028   1.39628 -0.003664	 0.367703  -0.21933 -0.208045  0.124542  -0.01985   0.00352  0.019434
   1.5507 -0.762555  0.044509  -2.19448  0.003008   1.39628 -0.003645	  0.36177 -0.218806 -0.209001  0.124228 -0.019658  0.003604  0.019425
  1.55106 -0.762773    0.0443  -2.19436  0.002989   1.39629 -0.003625	 0.355916 -0.218262 -0.209922  0.123902 -0.019467  0.003685  0.019418
  1.55141 -0.762991  0.044089  -2.19423  0.002969   1.39629 -0.003606	 0.350138 -0.217699 -0.210809  0.123566  -0.01928  0.003761  0.019402
  1.55176 -0.763209  0.043878  -2.19411   0.00295   1.39629 -0.003586	 0.344437 -0.217116 -0.211661  0.123218 -0.019093  0.003838  0.019389
   1.5521 -0.763426  0.043666  -2.19399  0.002931    1.3963 -0.003567	 0.338811 -0.216515 -0.212481  0.122861 -0.018909  0.003911  0.019371
  1.55244 -0.763642  0.043453  -2.19387  0.002912    1.3963 -0.003548	 0.333261 -0.215895 -0.213267  0.122494 -0.018727   0.00398  0.019356
  1.55277 -0.763857   0.04324  -2.19374  0.002894    1.3963 -0.003528	 0.327784 -0.215257  -0.21402  0.122117 -0.018546  0.004046   0.01934
  1.55309 -0.764072  0.043025  -2.19362  0.002875   1.39631 -0.003509	 0.322381 -0.214601 -0.214741   0.12173 -0.018369   0.00411  0.019317
  1.55341 -0.764287   0.04281   -2.1935  0.002857   1.39631  -0.00349	  0.31705 -0.213929  -0.21543  0.121334 -0.018192  0.004173  0.019298
 1.55373  -0.7645 0.042594 -2.19338 0.002839  1.39632 -0.00347	 0.311791 -0.213239 -0.216087  0.120928 -0.018018  0.004233  0.019278
  1.55404 -0.764713  0.042378  -2.19326  0.002821   1.39632 -0.003451	 0.306603 -0.212533 -0.216713  0.120512 -0.017846   0.00429  0.019251
  1.55434 -0.764925  0.042161  -2.19314  0.002803   1.39633 -0.003432	 0.301485  -0.21181 -0.217308  0.120089 -0.017676  0.004343  0.019228
  1.55464 -0.765137  0.041943  -2.19302  0.002786   1.39633 -0.003413	 0.296437 -0.211072 -0.217873  0.119656 -0.017508  0.004395  0.019204
  1.55493 -0.765347  0.041725   -2.1929  0.002768   1.39634 -0.003393	 0.291458 -0.210319 -0.218407  0.119215 -0.017342  0.004445  0.019178
  1.55522 -0.765557  0.041507  -2.19278  0.002751   1.39634 -0.003374	 0.286546  -0.20955 -0.218912  0.118765 -0.017177  0.004491  0.019146
