 -1.39626 -0.785398        -0  -2.18166         0   1.39626        -0	-0 -0 -0  0  0 -0 -0
 -1.39567 -0.785398         0  -2.18166        -0   1.39626         0	 1.18682        0        0 -5.1e-05   -1e-06  0.00013        0
 -1.39391 -0.785398         0  -2.18166        -0   1.39626        -0	  2.32594     3e-06         0 -0.000392    -1e-06  0.001008        -0
 -1.39104 -0.785398        -0  -2.18166        -0   1.39627        -0	  3.41878   1.1e-05    -1e-06 -0.001275    -3e-06  0.003274    -1e-06
  -1.3871 -0.785398        -0  -2.18167        -0   1.39627        -0	  4.46677   2.4e-05    -7e-06 -0.002906    -8e-06  0.007462    -4e-06
 -1.38213 -0.785398        -0  -2.18167        -0   1.39628        -0	  5.47126   4.6e-05    -2e-05 -0.005454  -2.1e-05  0.014004  -1.3e-05
 -1.37618 -0.785398        -0  -2.18168        -0    1.3963        -0	  6.43359   7.6e-05  -4.8e-05 -0.009053  -4.8e-05  0.023244    -3e-05
 -1.36928 -0.785398        -0  -2.18169        -0   1.39633        -0	  7.35505  0.000116  -9.8e-05 -0.013807  -9.7e-05  0.035447  -6.1e-05
 -1.36149 -0.785398        -0   -2.1817        -0   1.39637        -0	   8.2369  0.000166 -0.000182  -0.01979 -0.000179  0.050806 -0.000112
 -1.35283 -0.785398        -0  -2.18173    -1e-06   1.39643        -0	  9.08037  0.000227  -0.00031 -0.027053 -0.000306  0.069451  -0.00019
 -1.34335 -0.785397    -1e-06  -2.18176    -1e-06   1.39651    -1e-06	  9.88666  0.000298 -0.000497 -0.035626 -0.000492  0.091455 -0.000305
 -1.33307 -0.785397    -2e-06   -2.1818    -2e-06   1.39661    -1e-06	  10.6569  0.000378 -0.000755 -0.045516 -0.000752  0.116843 -0.000462
 -1.32205 -0.785397    -2e-06  -2.18185    -2e-06   1.39675    -1e-06	  11.3923  0.000468 -0.001102 -0.056718 -0.001103  0.145595 -0.000674
 -1.31031 -0.785396    -4e-06  -2.18191    -4e-06   1.39691    -2e-06	  12.0939  0.000567 -0.001553 -0.069207 -0.001562  0.177651 -0.000949
 -1.29788 -0.785395    -6e-06  -2.18199    -6e-06    1.3971    -3e-06	  12.7627  0.000673 -0.002122  -0.08295 -0.002144  0.212922 -0.001297
 -1.28479 -0.785395    -8e-06  -2.18208    -8e-06   1.39733    -5e-06	  13.3999  0.000785 -0.002828   -0.0979 -0.002868  0.251288 -0.001728
 -1.27109 -0.785394  -1.1e-05  -2.18218  -1.1e-05   1.39761    -7e-06	  14.0064  0.000902 -0.003685 -0.114001 -0.003751  0.292604  -0.00225
  -1.2568 -0.785393  -1.5e-05  -2.18231  -1.6e-05   1.39792    -9e-06	  14.5832  0.001022 -0.004708 -0.131189 -0.004807  0.336706 -0.002874
 -1.24194 -0.785392  -2.1e-05  -2.18245  -2.1e-05   1.39828  -1.3e-05	  15.1313  0.001142 -0.005911 -0.149395 -0.006052  0.383414 -0.003607
 -1.22655 -0.785391  -2.7e-05  -2.18261  -2.8e-05   1.39869  -1.7e-05	  15.6516  0.001262 -0.007307 -0.168543   -0.0075  0.432531 -0.004456
 -1.21065 -0.785389  -3.5e-05  -2.18278  -3.6e-05   1.39915  -2.2e-05	   16.145  0.001378 -0.008907 -0.188552 -0.009163  0.483853 -0.005429
 -1.19427 -0.785388  -4.5e-05  -2.18298  -4.6e-05   1.39966  -2.8e-05	  16.6124  0.001488  -0.01072 -0.209341 -0.011052  0.537165 -0.006532
 -1.17744 -0.785386  -5.7e-05   -2.1832  -5.8e-05   1.40022  -3.5e-05	  17.0546   0.00159 -0.012757 -0.230824 -0.013177  0.592246 -0.007769
 -1.16017 -0.785385  -7.1e-05  -2.18344  -7.3e-05   1.40084  -4.3e-05	  17.4725  0.001682 -0.015021 -0.252913 -0.015544  0.648873 -0.009144
 -1.14251 -0.785383  -8.7e-05  -2.18371    -9e-05   1.40152  -5.3e-05	  17.8669  0.001761  -0.01752 -0.275522  -0.01816   0.70682  -0.01066
 -1.12445 -0.785381 -0.000106    -2.184 -0.000109   1.40225  -6.5e-05	  18.2385  0.001824 -0.020255 -0.298563 -0.021027  0.765861 -0.012318
 -1.10604 -0.785379 -0.000128  -2.18431 -0.000132   1.40305  -7.8e-05	  18.5881   0.00187 -0.023228 -0.321949 -0.024149  0.825772 -0.014119
 -1.08729 -0.785377 -0.000152  -2.18464 -0.000157    1.4039  -9.3e-05	  18.9165  0.001896 -0.026437 -0.345593 -0.027523   0.88633 -0.016062
 -1.06822 -0.785376 -0.000181    -2.185 -0.000187   1.40482  -0.00011	  19.2243    0.0019 -0.029882 -0.369411 -0.031149  0.947318 -0.018144
 -1.04885 -0.785374 -0.000212  -2.18538  -0.00022    1.4058 -0.000129	  19.5123   0.00188 -0.033556  -0.39332 -0.035022   1.00852 -0.020364
  -1.0292 -0.785372 -0.000248  -2.18578 -0.000257   1.40684 -0.000151	  19.7812  0.001835 -0.037455  -0.41724 -0.039135   1.06974 -0.022716
  -1.0093  -0.78537 -0.000287  -2.18621 -0.000298   1.40794 -0.000175	  20.0315  0.001762  -0.04157 -0.441093 -0.043482   1.13077 -0.025196
-0.989147 -0.785368 -0.000331  -2.18667 -0.000344    1.4091 -0.000201	   20.264  0.001661 -0.045892 -0.464803 -0.048053   1.19141 -0.027797
-0.968776 -0.785367 -0.000379  -2.18714 -0.000394   1.41032  -0.00023	  20.4792  0.001529 -0.050411 -0.488298 -0.052837   1.25149 -0.030513
-0.948197 -0.785365 -0.000432  -2.18764  -0.00045    1.4116 -0.000262	  20.6778  0.001367 -0.055115 -0.511509 -0.057823   1.31082 -0.033336
-0.927428 -0.785364 -0.000489  -2.18817  -0.00051   1.41294 -0.000297	  20.8603  0.001174  -0.05999  -0.53437 -0.062995   1.36924 -0.036257
-0.906484 -0.785363 -0.000552  -2.18871 -0.000576   1.41434 -0.000335	  21.0273  0.000949 -0.065023  -0.55682 -0.068341   1.42659 -0.039268
-0.885381 -0.785362 -0.000619  -2.18928 -0.000647   1.41579 -0.000375	  21.1793  0.000693 -0.070198 -0.578798 -0.073843   1.48273 -0.042359
-0.864133 -0.785362 -0.000692  -2.18987 -0.000723    1.4173 -0.000419	  21.3169  0.000405   -0.0755 -0.600251 -0.079486    1.5375 -0.045519
-0.842754 -0.785361  -0.00077  -2.19048 -0.000806   1.41887 -0.000466	  21.4406   8.5e-05 -0.080912 -0.621126 -0.085252   1.59079 -0.048738
-0.821258 -0.785361 -0.000854  -2.19111 -0.000894   1.42048 -0.000517	  21.5509 -0.000264 -0.086416 -0.641376 -0.091122   1.64246 -0.052006
-0.799659 -0.785362 -0.000943  -2.19176 -0.000988   1.42215  -0.00057	  21.6483 -0.000644 -0.091995 -0.660956 -0.097079   1.69242  -0.05531
-0.777968 -0.785363 -0.001038  -2.19243 -0.001088   1.42387 -0.000627	  21.7332 -0.001051 -0.097631 -0.679826 -0.103102   1.74056 -0.058641
-0.756198 -0.785364 -0.001138  -2.19312 -0.001194   1.42563 -0.000688	  21.8061 -0.001485 -0.103307 -0.697948 -0.109174   1.78678 -0.061986
-0.734362 -0.785366 -0.001244  -2.19383 -0.001306   1.42744 -0.000751	  21.8675 -0.001943 -0.109003  -0.71529 -0.115275     1.831 -0.065334
-0.712469 -0.785368 -0.001356  -2.19455 -0.001425   1.42929 -0.000818	  21.9178 -0.002425 -0.114703  -0.73182 -0.121385   1.87316 -0.068674
-0.690531  -0.78537 -0.001474  -2.19529 -0.001549   1.43118 -0.000889	  21.9574 -0.002928 -0.120386 -0.747512 -0.127485   1.91318 -0.071996
-0.668559 -0.785374 -0.001597  -2.19604  -0.00168   1.43312 -0.000962	  21.9866  -0.00345 -0.126037 -0.762344 -0.133556     1.951 -0.075287
-0.646563 -0.785377 -0.001726  -2.19681 -0.001816   1.43509 -0.001039	   22.006 -0.003988 -0.131637 -0.776295 -0.139578   1.98659 -0.078537
-0.624552 -0.785382  -0.00186   -2.1976 -0.001959   1.43709 -0.001119	  22.0159  -0.00454  -0.13717 -0.789346 -0.145535   2.01989 -0.081736
-0.602536 -0.785386    -0.002  -2.19839 -0.002107   1.43912 -0.001203	  22.0166 -0.005102 -0.142618 -0.801486 -0.151408   2.05089 -0.084874
-0.580523 -0.785392 -0.002145   -2.1992 -0.002261   1.44119 -0.001289	  22.0085 -0.005673 -0.147966 -0.812702 -0.157179   2.07954 -0.087941
-0.558523 -0.785398 -0.002296  -2.20002 -0.002421   1.44328 -0.001378	   21.992 -0.006249 -0.153199 -0.822987 -0.162831   2.10584 -0.090928
-0.536543 -0.785404 -0.002452  -2.20085 -0.002587    1.4454 -0.001471	  21.9674 -0.006827 -0.158301 -0.832333 -0.168349   2.12976 -0.093827
-0.514592 -0.785411 -0.002612  -2.20168 -0.002758   1.44754 -0.001566	   21.935 -0.007404 -0.163258 -0.840739 -0.173717   2.15132 -0.096627
-0.492677 -0.785419 -0.002778  -2.20253 -0.002934    1.4497 -0.001664	  21.8951 -0.007978 -0.168059 -0.848204  -0.17892   2.17051 -0.099323
-0.470806 -0.785427 -0.002948  -2.20338 -0.003116   1.45188 -0.001765	  21.8481 -0.008546 -0.172689  -0.85473 -0.183945   2.18733 -0.101907
-0.448985 -0.785436 -0.003123  -2.20424 -0.003302   1.45408 -0.001868	  21.7942 -0.009103 -0.177137 -0.860319 -0.188778    2.2018 -0.104372
 -0.42722 -0.785446 -0.003303   -2.2051 -0.003493   1.45628 -0.001973	  21.7338 -0.009649 -0.181392 -0.864978 -0.193408   2.21393 -0.106712
 -0.40552 -0.785456 -0.003486  -2.20596 -0.003689    1.4585 -0.002081	  21.6671 -0.010178 -0.185444 -0.868715 -0.197822   2.22376 -0.108921
-0.383889 -0.785466 -0.003673  -2.20683 -0.003889   1.46073 -0.002191	  21.5944 -0.010689 -0.189285  -0.87154 -0.202012    2.2313 -0.110994
-0.362334 -0.785477 -0.003865  -2.20771 -0.004093   1.46296 -0.002303	   21.516  -0.01118 -0.192905 -0.873464 -0.205966   2.23658 -0.112927
 -0.34086 -0.785488 -0.004059  -2.20858   -0.0043    1.4652 -0.002417	  21.4321 -0.011646 -0.196298 -0.874498 -0.209676   2.23965 -0.114716
-0.319472   -0.7855 -0.004257  -2.20946 -0.004512   1.46744 -0.002532	  21.3429 -0.012087 -0.199456 -0.874659 -0.213137   2.24054 -0.116357
-0.298177 -0.785512 -0.004458  -2.21033 -0.004727   1.46968 -0.002649	  21.2487   -0.0125 -0.202375 -0.873962 -0.216339   2.23929 -0.117847
-0.276977 -0.785525 -0.004662   -2.2112 -0.004944   1.47192 -0.002768	  21.1498 -0.012882 -0.205049 -0.872423 -0.219277   2.23595 -0.119185
-0.255879 -0.785538 -0.004868  -2.21207 -0.005165   1.47415 -0.002888	  21.0464 -0.013231 -0.207474 -0.870061 -0.221947   2.23056 -0.120368
-0.234887 -0.785552 -0.005076  -2.21294 -0.005388   1.47638 -0.003009	  20.9386 -0.013545 -0.209647 -0.866895 -0.224344   2.22317 -0.121395
-0.214004 -0.785565 -0.005287  -2.21381 -0.005614    1.4786 -0.003131	  20.8267 -0.013823 -0.211566 -0.862945 -0.226466   2.21384 -0.122265
-0.193235 -0.785579 -0.005499  -2.21467 -0.005841   1.48081 -0.003253	  20.7109 -0.014063 -0.213228 -0.858232 -0.228308   2.20261 -0.122978
-0.172584 -0.785593 -0.005713  -2.21552  -0.00607     1.483 -0.003376	  20.5914 -0.014263 -0.214634 -0.852778 -0.229871   2.18955 -0.123534
-0.152054 -0.785608 -0.005929  -2.21637 -0.006301   1.48519   -0.0035	  20.4684 -0.014422 -0.215782 -0.846604 -0.231154   2.17471 -0.123934
-0.131649 -0.785622 -0.006145  -2.21722 -0.006532   1.48735 -0.003624	  20.3421 -0.014539 -0.216673 -0.839734 -0.232155   2.15815 -0.124178
-0.111372 -0.785637 -0.006362  -2.21805 -0.006765    1.4895 -0.003748	  20.2126 -0.014614 -0.217308 -0.832191 -0.232876   2.13993 -0.124267
-0.091225 -0.785651 -0.006579  -2.21888 -0.006998   1.49163 -0.003873	  20.0802 -0.014644  -0.21769 -0.823999 -0.233319    2.1201 -0.124205
-0.071213 -0.785666 -0.006797   -2.2197 -0.007231   1.49374 -0.003997	   19.945 -0.014631 -0.217819 -0.815183 -0.233484   2.09874 -0.123991
-0.051337 -0.785681 -0.007015  -2.22051 -0.007465   1.49583 -0.004121	  19.8071 -0.014572   -0.2177 -0.805765 -0.233376   2.07589 -0.123629
  -0.0316 -0.785695 -0.007232  -2.22131 -0.007698   1.49789 -0.004244	  19.6668 -0.014468 -0.217334 -0.795771 -0.232996   2.05162 -0.123121
-0.012004  -0.78571 -0.007449   -2.2221 -0.007931   1.49993 -0.004367	  19.5241  -0.01432 -0.216728 -0.785226 -0.232349   2.02599 -0.122471
 0.007447 -0.785724 -0.007666  -2.22288 -0.008162   1.50194 -0.004489	  19.3793 -0.014126 -0.215883 -0.774153 -0.231439   1.99907 -0.121682
 0.026753 -0.785738 -0.007881  -2.22365 -0.008393   1.50393  -0.00461	  19.2324 -0.013888 -0.214806 -0.762579 -0.230272    1.9709 -0.120756
 0.045911 -0.785752 -0.008095  -2.22441 -0.008623   1.50589  -0.00473	  19.0837 -0.013605 -0.213501 -0.750528 -0.228851   1.94157 -0.119698
  0.06492 -0.785765 -0.008308  -2.22515 -0.008851   1.50781 -0.004849	  18.9332 -0.013278 -0.211974 -0.738023 -0.227183   1.91111 -0.118512
 0.083777 -0.785778 -0.008519  -2.22588 -0.009077   1.50971 -0.004967	   18.781 -0.012908  -0.21023 -0.725091 -0.225274   1.87961 -0.117201
 0.102481 -0.785791 -0.008728   -2.2266 -0.009301   1.51157 -0.005084	  18.6274 -0.012495 -0.208277 -0.711754  -0.22313    1.8471 -0.115769
 0.121031 -0.785803 -0.008936  -2.22731 -0.009523    1.5134 -0.005199	  18.4724 -0.012041 -0.206119 -0.698037 -0.220758   1.81367 -0.114221
 0.139425 -0.785815 -0.009141    -2.228 -0.009743    1.5152 -0.005312	  18.3161 -0.011547 -0.203763 -0.683964 -0.218165   1.77935 -0.112561
 0.157663 -0.785826 -0.009343  -2.22867  -0.00996   1.51696 -0.005424	  18.1586 -0.011013 -0.201217 -0.669558 -0.215358    1.7442 -0.110794
 0.175742 -0.785837 -0.009543  -2.22934 -0.010173   1.51869 -0.005534	  18.0001 -0.010441 -0.198488 -0.654842 -0.212345    1.7083 -0.108924
 0.193662 -0.785847  -0.00974  -2.22998 -0.010384   1.52038 -0.005642	  17.8407 -0.009832 -0.195582  -0.63984 -0.209134   1.67168 -0.106956
 0.211423 -0.785857 -0.009934  -2.23062 -0.010592   1.52203 -0.005748	  17.6804 -0.009187 -0.192506 -0.624573 -0.205732    1.6344 -0.104894
 0.229023 -0.785865 -0.010125  -2.23123 -0.010796   1.52365 -0.005852	  17.5194 -0.008509 -0.189269 -0.609064 -0.202148   1.59652 -0.102744
 0.246461 -0.785874 -0.010313  -2.23183 -0.010996   1.52522 -0.005953	  17.3578 -0.007799 -0.185877 -0.593334 -0.198389   1.55809 -0.100509
 0.263738 -0.785881 -0.010497  -2.23242 -0.011192   1.52676 -0.006053	  17.1955 -0.007058 -0.182337 -0.577403 -0.194464   1.51915 -0.098196
 0.280852 -0.785888 -0.010677  -2.23299 -0.011385   1.52826  -0.00615	  17.0328 -0.006288 -0.178659 -0.561294 -0.190382   1.47977 -0.095807
 0.297804 -0.785894 -0.010854  -2.23354 -0.011573   1.52972 -0.006244	  16.8698 -0.005491 -0.174848 -0.545026  -0.18615   1.43998 -0.093349
 0.314592 -0.785899 -0.011027  -2.23408 -0.011757   1.53114 -0.006336	  16.7064 -0.004668 -0.170913 -0.528618 -0.181777   1.39983 -0.090825
 0.331216 -0.785903 -0.011196   -2.2346 -0.011936   1.53252 -0.006426	  16.5427 -0.003822 -0.166861  -0.51209 -0.177272   1.35937 -0.088241
 0.347677 -0.785906 -0.011361   -2.2351 -0.012111   1.53386 -0.006513	   16.379 -0.002955 -0.162699  -0.49546 -0.172643   1.31865 -0.085601
 0.363974 -0.785909 -0.011521  -2.23559 -0.012282   1.53516 -0.006597	  16.2151 -0.002068 -0.158435 -0.478747 -0.167898   1.27769  -0.08291
 0.380107  -0.78591 -0.011677  -2.23606 -0.012447   1.53642 -0.006679	  16.0513 -0.001163 -0.154077 -0.461968 -0.163045   1.23656 -0.080172
 0.396077 -0.785911 -0.011829  -2.23651 -0.012608   1.53763 -0.006757	  15.8874 -0.000242 -0.149632  -0.44514 -0.158094   1.19529 -0.077392
 0.411882 -0.785911 -0.011977  -2.23695 -0.012763   1.53881 -0.006833	  15.7237  0.000693 -0.145106  -0.42828 -0.153051   1.15391 -0.074574
 0.427524  -0.78591  -0.01212  -2.23737 -0.012914   1.53994 -0.006906	  15.5602  0.001639 -0.140507 -0.411403 -0.147926   1.11247 -0.071722
 0.443003 -0.785908 -0.012258  -2.23778 -0.013059   1.54103 -0.006977	  15.3969  0.002597 -0.135841 -0.394524 -0.142725   1.07099  -0.06884
 0.458318 -0.785905 -0.012391  -2.23816 -0.013199   1.54208 -0.007044	  15.2339  0.003562 -0.131117  -0.37766 -0.137458   1.02953 -0.065933
 0.473471   -0.7859  -0.01252  -2.23853 -0.013334   1.54309 -0.007109	  15.0713  0.004534  -0.12634 -0.360824 -0.132131  0.988106 -0.063004
 0.488461 -0.785895 -0.012644  -2.23888 -0.013464   1.54406  -0.00717	  14.9091  0.005509 -0.121517  -0.34403 -0.126753  0.946754 -0.060057
 0.503289 -0.785889 -0.012763  -2.23922 -0.013588   1.54499 -0.007229	  14.7473  0.006488 -0.116655 -0.327291  -0.12133  0.905507 -0.057097
 0.517956 -0.785883 -0.012877  -2.23954 -0.013706   1.54587 -0.007284	   14.586  0.007467  -0.11176  -0.31062 -0.115869  0.864394 -0.054127
 0.532461 -0.785875 -0.012987  -2.23984 -0.013819   1.54671 -0.007337	  14.4252  0.008446 -0.106837 -0.294029 -0.110379  0.823443  -0.05115
 0.546807 -0.785866 -0.013091  -2.24012 -0.013927   1.54752 -0.007387	   14.265  0.009422 -0.101894 -0.277529 -0.104866  0.782684  -0.04817
 0.560992 -0.785856  -0.01319  -2.24039 -0.014029   1.54828 -0.007433	  14.1055  0.010393 -0.096935 -0.261133 -0.099337  0.742142 -0.045191
 0.575018 -0.785845 -0.013285  -2.24065 -0.014126     1.549 -0.007477	  13.9466  0.011359 -0.091967  -0.24485 -0.093797  0.701842 -0.042215
 0.588885 -0.785833 -0.013374  -2.24089 -0.014217   1.54968 -0.007518	  13.7884  0.012317 -0.086994  -0.22869 -0.088254  0.661808 -0.039246
 0.602595  -0.78582 -0.013459  -2.24111 -0.014302   1.55032 -0.007556	  13.6309  0.013265 -0.082023 -0.212664 -0.082714  0.622063 -0.036286
 0.616148 -0.785806 -0.013538  -2.24131 -0.014382   1.55093  -0.00759	  13.4743  0.014203 -0.077058 -0.196781 -0.077183  0.582629 -0.033339
 0.629544 -0.785792 -0.013613   -2.2415 -0.014457   1.55149 -0.007622	  13.3184  0.015129 -0.072105 -0.181049 -0.071666  0.543527 -0.030408
 0.642785 -0.785776 -0.013683  -2.24167 -0.014526   1.55201 -0.007651	  13.1634  0.016042 -0.067167 -0.165476 -0.066168  0.504775 -0.027495
 0.655871  -0.78576 -0.013747  -2.24183 -0.014589    1.5525 -0.007677	  13.0092  0.016939  -0.06225  -0.15007 -0.060697  0.466393 -0.024602
 0.668804 -0.785742 -0.013807  -2.24197 -0.014647   1.55295 -0.007701	  12.8559  0.017821 -0.057358 -0.134839 -0.055255  0.428399 -0.021733
 0.681583 -0.785724 -0.013862   -2.2421   -0.0147   1.55336 -0.007721	  12.7036  0.018685 -0.052496  -0.11979  -0.04985  0.390809 -0.018889
 0.694211 -0.785705 -0.013912  -2.24221 -0.014747   1.55373 -0.007738	  12.5521  0.019531 -0.047666 -0.104928 -0.044484  0.353637 -0.016072
 0.706688 -0.785685 -0.013958  -2.24231 -0.014789   1.55407 -0.007753	  12.4017  0.020358 -0.042875 -0.090261 -0.039163    0.3169 -0.013286
 0.719015 -0.785664 -0.013998  -2.24239 -0.014825   1.55436 -0.007765	  12.2522  0.021164 -0.038123 -0.075793 -0.033891   0.28061 -0.010531
 0.731193 -0.785643 -0.014034  -2.24246 -0.014856   1.55463 -0.007774	  12.1038  0.021948 -0.033417  -0.06153 -0.028672  0.244781 -0.007811
 0.743223  -0.78562 -0.014065  -2.24252 -0.014883   1.55485 -0.007781	  11.9564   0.02271 -0.028758 -0.047477 -0.023511  0.209425 -0.005125
 0.755106 -0.785597 -0.014091  -2.24256 -0.014903   1.55505 -0.007784	    11.81  0.023449  -0.02415 -0.033639  -0.01841  0.174552 -0.002477
 0.766844 -0.785574 -0.014113  -2.24258 -0.014919    1.5552 -0.007786	  11.6647  0.024163 -0.019597 -0.020019 -0.013373  0.140173  0.000132
 0.778436 -0.785549 -0.014131   -2.2426  -0.01493   1.55533 -0.007784	  11.5205  0.024854   -0.0151  -0.00662 -0.008405  0.106297  0.002701
 0.789885 -0.785524 -0.014144   -2.2426 -0.014936   1.55542  -0.00778	  11.3774  0.025518 -0.010663  0.006552 -0.003507  0.072933  0.005228
 0.801192 -0.785498 -0.014152  -2.24258 -0.014937   1.55547 -0.007774	  11.2354  0.026157 -0.006288  0.019495  0.001318  0.040089  0.007711
 0.812357 -0.785472 -0.014156  -2.24256 -0.014934    1.5555 -0.007765	  11.0945  0.026769 -0.001977  0.032207  0.006065  0.007773  0.010151
 0.823381 -0.785445 -0.014156  -2.24252 -0.014925   1.55549 -0.007753	  10.9548  0.027354  0.002266  0.044684  0.010734 -0.024009  0.012546
 0.834267 -0.785417 -0.014152  -2.24247 -0.014912   1.55545  -0.00774	  10.8162  0.027912  0.006441  0.056926  0.015322 -0.055252  0.014893
 0.845014 -0.785389 -0.014143  -2.24241 -0.014895   1.55538 -0.007724	 10.6788 0.028442 0.010545 0.068929 0.019826 -0.08595 0.017194
 0.855625  -0.78536 -0.014131  -2.24233 -0.014873   1.55528 -0.007705	  10.5425  0.028944  0.014576  0.080692  0.024244 -0.116098  0.019446
   0.8661 -0.785331 -0.014114  -2.24225 -0.014846   1.55515 -0.007685	  10.4074  0.029417  0.018533  0.092214  0.028574 -0.145693   0.02165
  0.87644 -0.785301 -0.014094  -2.24215 -0.014816   1.55499 -0.007662	 10.2735 0.029862 0.022414 0.103494 0.032816 -0.17473 0.023803
 0.886648 -0.785271 -0.014069  -2.24204 -0.014781    1.5548 -0.007637	  10.1408  0.030278  0.026218   0.11453  0.036966 -0.203208  0.025906
 0.896723 -0.785241 -0.014041  -2.24192 -0.014742   1.55458  -0.00761	  10.0093  0.030665  0.029944  0.125323  0.041025 -0.231123  0.027959
 0.906667  -0.78521 -0.014009  -2.24179 -0.014699   1.55434 -0.007581	  9.87901  0.031024   0.03359  0.135871  0.044989 -0.258474   0.02996
 0.916481 -0.785179 -0.013974  -2.24165 -0.014652   1.55407  -0.00755	  9.74991  0.031353  0.037155  0.146176   0.04886 -0.285259  0.031909
 0.926167 -0.785147 -0.013935   -2.2415 -0.014601   1.55377 -0.007518	  9.62204  0.031654  0.040639  0.156236  0.052634 -0.311479  0.033806
 0.935726 -0.785115 -0.013893  -2.24133 -0.014547   1.55344 -0.007483	  9.49537  0.031926  0.044041  0.166052  0.056313 -0.337131  0.035651
 0.945159 -0.785083 -0.013847  -2.24116 -0.014489   1.55309 -0.007446	  9.36993  0.032169   0.04736  0.175624  0.059894 -0.362216  0.037444
 0.954466 -0.785051 -0.013798  -2.24098 -0.014427   1.55272 -0.007408	  9.24571  0.032383  0.050596  0.184953  0.063378 -0.386735  0.039184
 0.963651 -0.785019 -0.013746  -2.24079 -0.014362   1.55232 -0.007368	  9.12271   0.03257  0.053747   0.19404  0.066764 -0.410689  0.040871
 0.972713 -0.784986 -0.013691  -2.24059 -0.014293    1.5519 -0.007326	  9.00094  0.032728  0.056815  0.202887  0.070051 -0.434079  0.042505
 0.981653 -0.784953 -0.013632  -2.24039 -0.014222   1.55145 -0.007283	  8.88039  0.032858  0.059798  0.211492   0.07324 -0.456905  0.044086
 0.990474  -0.78492 -0.013571  -2.24017 -0.014147   1.55098 -0.007238	  8.76106  0.032961  0.062696   0.21986   0.07633 -0.479172  0.045615
 0.999176 -0.784887 -0.013507  -2.23995 -0.014069   1.55049 -0.007192	 8.64297 0.033037 0.065509 0.227989 0.079322 -0.50088 0.047091
  1.00776 -0.784854  -0.01344  -2.23972 -0.013988   1.54998 -0.007144	  8.52609  0.033086  0.068238  0.235883  0.082215 -0.522032  0.048515
  1.01623 -0.784821 -0.013371  -2.23948 -0.013905   1.54945 -0.007095	  8.41044  0.033108  0.070882  0.243544   0.08501 -0.542631  0.049887
  1.02458 -0.784788 -0.013299  -2.23923 -0.013818    1.5489 -0.007044	  8.29601  0.033105  0.073442  0.250972  0.087708 -0.562681  0.051207
  1.03282 -0.784755 -0.013224  -2.23897 -0.013729   1.54832 -0.006992	   8.1828  0.033076  0.075917  0.258169  0.090308 -0.582185  0.052475
  1.04095 -0.784722 -0.013147  -2.23871 -0.013638   1.54773 -0.006939	   8.0708  0.033022  0.078309  0.265138   0.09281 -0.601146  0.053692
  1.04896 -0.784689 -0.013067  -2.23845 -0.013544   1.54712 -0.006885	  7.96002  0.032944  0.080617  0.271881  0.095217 -0.619568  0.054858
  1.05687 -0.784656 -0.012986  -2.23817 -0.013448   1.54649  -0.00683	  7.85044  0.032841  0.082842  0.278401  0.097528 -0.637456  0.055974
  1.06466 -0.784623 -0.012902  -2.23789 -0.013349   1.54585 -0.006773	  7.74207  0.032715  0.084985  0.284698  0.099744 -0.654815   0.05704
  1.07235  -0.78459 -0.012816   -2.2376 -0.013248   1.54519 -0.006716	   7.6349  0.032565  0.087045  0.290777  0.101865 -0.671649  0.058057
  1.07994 -0.784558 -0.012728  -2.23731 -0.013145   1.54451 -0.006657	  7.52893  0.032394  0.089025  0.296639  0.103894 -0.687962  0.059025
  1.08741 -0.784526 -0.012638  -2.23701  -0.01304   1.54381 -0.006598	  7.42415    0.0322  0.090924  0.302287   0.10583 -0.703759  0.059944
  1.09478 -0.784494 -0.012546   -2.2367 -0.012934    1.5431 -0.006537	  7.32056  0.031985  0.092743  0.307723  0.107674 -0.719047  0.060815
  1.10205 -0.784462 -0.012452  -2.23639 -0.012825   1.54237 -0.006476	  7.21815   0.03175  0.094482  0.312951  0.109429 -0.733829  0.061639
  1.10922  -0.78443 -0.012357  -2.23608 -0.012715   1.54163 -0.006414	  7.11692  0.031495  0.096144  0.317972  0.111094 -0.748112  0.062417
  1.11629 -0.784399  -0.01226  -2.23576 -0.012603   1.54088 -0.006351	  7.01686   0.03122  0.097728  0.322791  0.112671 -0.761902  0.063148
  1.12326 -0.784368 -0.012161  -2.23543  -0.01249   1.54011 -0.006288	  6.91796  0.030926  0.099236  0.327409  0.114161 -0.775203  0.063834
  1.13013 -0.784337 -0.012062   -2.2351 -0.012375   1.53933 -0.006224	  6.82022  0.030614  0.100668   0.33183  0.115566 -0.788023  0.064476
   1.1369 -0.784306  -0.01196  -2.23477 -0.012258   1.53853 -0.006159	  6.72363  0.030285  0.102026  0.336057  0.116886 -0.800366  0.065074
  1.14357 -0.784276 -0.011858  -2.23443 -0.012141   1.53773 -0.006093	  6.62819  0.029938   0.10331  0.340092  0.118123 -0.812239  0.065629
  1.15015 -0.784247 -0.011754  -2.23409 -0.012022   1.53691 -0.006027	  6.53388  0.029575  0.104522  0.343939  0.119279 -0.823649  0.066141
  1.15664 -0.784217 -0.011649  -2.23374 -0.011902   1.53608 -0.005961	  6.44071  0.029197  0.105663    0.3476  0.120354 -0.834601  0.066612
  1.16304 -0.784188 -0.011542  -2.23339 -0.011782   1.53524 -0.005894	  6.34865  0.028803  0.106733  0.351079   0.12135 -0.845101  0.067041
  1.16934  -0.78416 -0.011435  -2.23304  -0.01166   1.53439 -0.005827	  6.25772  0.028396  0.107734  0.354379  0.122269 -0.855158  0.067431
  1.17555 -0.784131 -0.011327  -2.23268 -0.011537   1.53353 -0.005759	  6.16789  0.027975  0.108668  0.357502  0.123112 -0.864776  0.067781
  1.18168 -0.784104 -0.011218  -2.23232 -0.011414   1.53266 -0.005692	  6.07916   0.02754  0.109535  0.360453   0.12388 -0.873962  0.068093
  1.18771 -0.784076 -0.011108  -2.23196 -0.011289   1.53178 -0.005623	  5.99153  0.027094  0.110336  0.363234  0.124576 -0.882723  0.068367
  1.19366 -0.784049 -0.010997   -2.2316 -0.011165   1.53089 -0.005555	  5.90498  0.026635  0.111073  0.365847  0.125199 -0.891065  0.068604
  1.19952 -0.784023 -0.010886  -2.23123 -0.011039      1.53 -0.005486	  5.81951  0.026166  0.111747  0.368297  0.125753 -0.898996  0.068805
   1.2053 -0.783997 -0.010774  -2.23086 -0.010913    1.5291 -0.005417	   5.7351  0.025685   0.11236  0.370587  0.126238 -0.906522   0.06897
  1.21099 -0.783972 -0.010661  -2.23049 -0.010787   1.52819 -0.005348	  5.65175  0.025196  0.112911  0.372719  0.126656 -0.913649  0.069101
   1.2166 -0.783947 -0.010548  -2.23012  -0.01066   1.52727 -0.005279	  5.56946  0.024697  0.113404  0.374698  0.127009 -0.920385  0.069199
  1.22213 -0.783922 -0.010434  -2.22974 -0.010533   1.52635  -0.00521	  5.48821  0.024189  0.113838  0.376525  0.127298 -0.926736  0.069263
  1.22758 -0.783898  -0.01032  -2.22936 -0.010405   1.52542 -0.005141	  5.40799  0.023673  0.114215  0.378204  0.127525 -0.932709  0.069296
  1.23295 -0.783875 -0.010206  -2.22899 -0.010278   1.52448 -0.005071	  5.3288  0.02315 0.114537 0.379738 0.127691 -0.93831 0.069297
  1.23824 -0.783852 -0.010091   -2.2286  -0.01015   1.52354 -0.005002	  5.25062   0.02262  0.114805  0.381131  0.127798 -0.943548  0.069268
  1.24345  -0.78383 -0.009976  -2.22822 -0.010022   1.52259 -0.004933	  5.17345  0.022084   0.11502  0.382385  0.127848 -0.948427   0.06921
  1.24859 -0.783808 -0.009861  -2.22784 -0.009894   1.52164 -0.004864	  5.09728  0.021542  0.115183  0.383504  0.127841 -0.952956  0.069123
  1.25364 -0.783787 -0.009746  -2.22746 -0.009766   1.52069 -0.004794	  5.0221 0.020994 0.115296  0.38449  0.12778 -0.95714 0.069008
  1.25863 -0.783766 -0.009631  -2.22707 -0.009639   1.51973 -0.004726	  4.94789  0.020443   0.11536  0.385346  0.127665 -0.960987  0.068866
  1.26354 -0.783746 -0.009515  -2.22668 -0.009511   1.51877 -0.004657	  4.87466  0.019887  0.115377  0.386077    0.1275 -0.964503  0.068698
  1.26838 -0.783726   -0.0094   -2.2263 -0.009384    1.5178 -0.004588	   4.8024  0.019328  0.115347  0.386683  0.127284 -0.967695  0.068504
  1.27315 -0.783707 -0.009285  -2.22591 -0.009257   1.51683  -0.00452	  4.73108  0.018765  0.115271  0.387169   0.12702 -0.970569  0.068286
  1.27784 -0.783689 -0.009169  -2.22552  -0.00913   1.51586 -0.004452	  4.66071    0.0182  0.115152  0.387538   0.12671 -0.973133  0.068043
  1.28247 -0.783671 -0.009054  -2.22514 -0.009003   1.51489 -0.004384	  4.59127  0.017634   0.11499  0.387792  0.126353 -0.975392  0.067778
  1.28703 -0.783653 -0.008939  -2.22475 -0.008877   1.51391 -0.004316	  4.52276  0.017065  0.114786  0.387934  0.125953 -0.977354  0.067491
  1.29151 -0.783637 -0.008825  -2.22436 -0.008751   1.51293 -0.004249	  4.45517  0.016495  0.114543  0.387967  0.125511 -0.979025  0.067181
  1.29594  -0.78362  -0.00871  -2.22397 -0.008626   1.51195 -0.004182	 4.38848 0.015925  0.11426 0.387894 0.125027 -0.98041 0.066852
  1.30029 -0.783605 -0.008596  -2.22358 -0.008501   1.51097 -0.004115	  4.32269  0.015354   0.11394  0.387718  0.124504 -0.981518  0.066502
  1.30458  -0.78359 -0.008483   -2.2232 -0.008377   1.50999 -0.004049	  4.25779  0.014784  0.113583  0.387442  0.123943 -0.982353  0.066133
  1.30881 -0.783575 -0.008369  -2.22281 -0.008253     1.509 -0.003983	  4.19377  0.014215  0.113191  0.387068  0.123345 -0.982923  0.065745
  1.31297 -0.783561 -0.008256  -2.22242  -0.00813   1.50802 -0.003917	  4.13062  0.013646  0.112765  0.386598  0.122712 -0.983234   0.06534
  1.31707 -0.783548 -0.008144  -2.22204 -0.008008   1.50704 -0.003852	  4.06833  0.013079  0.112305  0.386036  0.122045 -0.983291  0.064918
  1.32111 -0.783535 -0.008032  -2.22165 -0.007886   1.50606 -0.003787	  4.00689  0.012514  0.111815  0.385385  0.121345 -0.983101  0.064479
  1.32508 -0.783523  -0.00792  -2.22127 -0.007765   1.50507 -0.003723	  3.94629   0.01195  0.111293  0.384646  0.120614 -0.982671  0.064025
    1.329 -0.783511 -0.007809  -2.22088 -0.007645   1.50409 -0.003659	  3.88653   0.01139  0.110742  0.383823  0.119853 -0.982006  0.063555
  1.33286   -0.7835 -0.007699   -2.2205 -0.007526   1.50311 -0.003596	  3.82759  0.010832  0.110162  0.382918  0.119063 -0.981112  0.063072
  1.33665 -0.783489 -0.007589  -2.22012 -0.007407   1.50213 -0.003533	  3.76946  0.010277  0.109556  0.381934  0.118246 -0.979994  0.062575
   1.3404 -0.783479 -0.007479  -2.21974 -0.007289   1.50115 -0.003471	 3.71215 0.009726 0.108923 0.380872 0.117403 -0.97866 0.062065
  1.34408  -0.78347 -0.007371  -2.21936 -0.007172   1.50017 -0.003409	  3.65563  0.009178  0.108264  0.379735  0.116535 -0.977114  0.061542
  1.34771 -0.783461 -0.007263  -2.21898 -0.007056    1.4992 -0.003348	  3.59989  0.008635  0.107582  0.378527  0.115643 -0.975362  0.061009
  1.34771 -0.783461 -0.007263  -2.21898 -0.007056    1.4992 -0.003348	  3.59989  0.008635  0.107582  0.378527  0.115643 -0.975362  0.061009
   1.3548 -0.783445 -0.007049  -2.21822 -0.006827   1.49725 -0.003227	  3.48998  0.007544  0.106169  0.376011  0.113826 -0.971588  0.059906
   1.3548 -0.783445 -0.007049  -2.21822 -0.006827   1.49725 -0.003227	  3.48998  0.007544  0.106169  0.376011  0.113826 -0.971588  0.059906
  1.36167 -0.783431 -0.006838  -2.21747 -0.006601   1.49531 -0.003108	   3.3832  0.006473  0.104668   0.37322  0.111924 -0.967018  0.058764
  1.36503 -0.783425 -0.006734   -2.2171 -0.006489   1.49434  -0.00305	  3.33133  0.005956  0.103879  0.371677  0.110928 -0.964299  0.058181
  1.36833 -0.783419 -0.006631  -2.21673 -0.006379   1.49338 -0.002992	   3.2802  0.005444  0.103072  0.370076  0.109915 -0.961408  0.057591
  1.37159 -0.783414 -0.006528  -2.21636  -0.00627   1.49242 -0.002935	 3.22979 0.004938 0.102249 0.368419 0.108886 -0.95835 0.056993
  1.37479 -0.783409 -0.006426  -2.21599 -0.006161   1.49147 -0.002878	  3.1801 0.004438 0.101408 0.366707 0.107843 -0.95513 0.056387
  1.37795 -0.783405 -0.006325  -2.21563 -0.006054   1.49051 -0.002822	  3.13111  0.003944  0.100553  0.364943  0.106785 -0.951753  0.055776
  1.38106 -0.783401 -0.006225  -2.21526 -0.005948   1.48956 -0.002766	  3.08282  0.003456  0.099683  0.363128  0.105714 -0.948224  0.055158
  1.38411 -0.783398 -0.006126   -2.2149 -0.005843   1.48862 -0.002711	  3.03523  0.002975  0.098799  0.361266  0.104632 -0.944548  0.054535
  1.38713 -0.783395 -0.006027  -2.21454 -0.005738   1.48767 -0.002657	  2.98831    0.0025  0.097902  0.359357  0.103538 -0.940729  0.053906
  1.39009 -0.783393  -0.00593  -2.21418 -0.005635   1.48673 -0.002604	  2.94207  0.002033  0.096993  0.357403  0.102434 -0.936774  0.053274
  1.39301 -0.783391 -0.005833  -2.21382 -0.005534    1.4858 -0.002551	   2.8965  0.001572  0.096073  0.355407  0.101321 -0.932685  0.052637
  1.39589  -0.78339 -0.005738  -2.21347 -0.005433   1.48487 -0.002498	  2.85158  0.001118  0.095143   0.35337  0.100199 -0.928468  0.051997
  1.39871 -0.783389 -0.005643  -2.21312 -0.005333   1.48394 -0.002447	  2.80731  0.000671  0.094203  0.351293   0.09907 -0.924128  0.051353
   1.4015 -0.783388 -0.005549  -2.21277 -0.005235   1.48302 -0.002396	  2.76369  0.000232  0.093254   0.34918  0.097934 -0.919669  0.050707
  1.40424 -0.783388 -0.005457  -2.21242 -0.005137    1.4821 -0.002345	  2.72069   -0.0002  0.092297  0.347031  0.096792 -0.915095  0.050058
  1.40694 -0.783389 -0.005365  -2.21207 -0.005041   1.48119 -0.002296	  2.67832 -0.000625  0.091332  0.344849  0.095644  -0.91041  0.049408
   1.4096  -0.78339 -0.005274  -2.21173 -0.004946   1.48028 -0.002246	  2.63657 -0.001042  0.090361  0.342634  0.094492  -0.90562  0.048756
  1.41221 -0.783391 -0.005184  -2.21139 -0.004852   1.47938 -0.002198	  2.59543 -0.001451  0.089384  0.340388  0.093336 -0.900727  0.048103
  1.41479 -0.783393 -0.005095  -2.21105 -0.004759   1.47848  -0.00215	  2.55488 -0.001853  0.088401  0.338113  0.092178 -0.895736  0.047449
  1.41733 -0.783395 -0.005007  -2.21071 -0.004668   1.47759 -0.002103	  2.51493 -0.002247  0.087413   0.33581  0.091016 -0.890651  0.046794
  1.41982 -0.783397  -0.00492  -2.21038 -0.004577    1.4767 -0.002057	  2.47557 -0.002633  0.086421  0.333482  0.089853 -0.885476   0.04614
  1.42228   -0.7834 -0.004834  -2.21005 -0.004488   1.47582 -0.002011	  2.43679 -0.003012  0.085425  0.331129  0.088689 -0.880215  0.045486
   1.4247 -0.783403  -0.00475  -2.20972   -0.0044   1.47494 -0.001966	  2.39858 -0.003383  0.084426  0.328752  0.087524 -0.874872  0.044833
  1.42707 -0.783407 -0.004666  -2.20939 -0.004313   1.47407 -0.001921	  2.36093 -0.003745  0.083425  0.326354   0.08636  -0.86945  0.044181
  1.42942 -0.783411 -0.004583  -2.20906 -0.004227    1.4732 -0.001877	  2.32384   -0.0041  0.082422  0.323936  0.085196 -0.863953  0.043529
  1.43172 -0.783415 -0.004501  -2.20874 -0.004143   1.47234 -0.001834	  2.28729 -0.004447  0.081418  0.321499  0.084033 -0.858384  0.042879
  1.43399 -0.783419  -0.00442  -2.20842 -0.004059   1.47148 -0.001792	  2.25129 -0.004786  0.080413  0.319043  0.082873 -0.852748  0.042231
  1.43623 -0.783424  -0.00434   -2.2081 -0.003977   1.47063  -0.00175	  2.21582 -0.005118  0.079407  0.316572  0.081714 -0.847047  0.041586
  1.43842  -0.78343 -0.004261  -2.20779 -0.003896   1.46979 -0.001708	  2.18088 -0.005442  0.078402  0.314085  0.080558 -0.841285  0.040942
  1.44059 -0.783435 -0.004183  -2.20747 -0.003816   1.46895 -0.001668	  2.14647 -0.005757  0.077397  0.311584  0.079406 -0.835465  0.040301
  1.44272 -0.783441 -0.004106  -2.20716 -0.003737   1.46812 -0.001628	  2.11256 -0.006065  0.076393   0.30907  0.078257 -0.829591  0.039663
  1.44481 -0.783447  -0.00403  -2.20686 -0.003659   1.46729 -0.001588	  2.07916 -0.006365   0.07539  0.306544  0.077112 -0.823665  0.039028
  1.44687 -0.783454 -0.003955  -2.20655 -0.003583   1.46647  -0.00155	  2.04626 -0.006657  0.074389  0.304008  0.075972  -0.81769  0.038396
  1.44891 -0.783461 -0.003882  -2.20625 -0.003507   1.46566 -0.001512	  2.01385 -0.006941  0.073391  0.301462  0.074837  -0.81167  0.037768
   1.4509 -0.783468 -0.003809  -2.20595 -0.003433   1.46485 -0.001474	  1.98194 -0.007218  0.072396  0.298908  0.073707 -0.805608  0.037143
  1.45287 -0.783475 -0.003737  -2.20565  -0.00336   1.46405 -0.001437	   1.9505 -0.007487  0.071403  0.296346  0.072583 -0.799506  0.036522
   1.4548 -0.783483 -0.003666  -2.20535 -0.003288   1.46325 -0.001401	  1.91953 -0.007748  0.070414  0.293778  0.071465 -0.793367  0.035906
  1.45671 -0.783491 -0.003596  -2.20506 -0.003217   1.46246 -0.001366	  1.88903 -0.008002  0.069429  0.291204  0.070354 -0.787195  0.035293
  1.45858 -0.783499 -0.003527  -2.20477 -0.003147   1.46167 -0.001331	  1.85899 -0.008248  0.068448  0.288626  0.069249 -0.780991  0.034685
  1.46043 -0.783507 -0.003459  -2.20449 -0.003078    1.4609 -0.001296	   1.8294 -0.008486  0.067471  0.286044  0.068151 -0.774758  0.034082
  1.46224 -0.783516 -0.003392   -2.2042 -0.003011   1.46012 -0.001262	  1.80027 -0.008717  0.066499   0.28346  0.067061 -0.768499  0.033483
  1.46403 -0.783525 -0.003326  -2.20392 -0.002944   1.45936 -0.001229	  1.77157 -0.008941  0.065531  0.280873  0.065979 -0.762216  0.032889
  1.46578 -0.783534 -0.003261  -2.20364 -0.002879    1.4586 -0.001197	  1.74331 -0.009158   0.06457  0.278285  0.064904 -0.755912  0.032301
  1.46751 -0.783543 -0.003197  -2.20336 -0.002815   1.45785 -0.001165	  1.71548 -0.009367  0.063614  0.275698  0.063838  -0.74959  0.031717
  1.46922 -0.783552 -0.003134  -2.20309 -0.002751    1.4571 -0.001133	  1.68807 -0.009569  0.062663   0.27311   0.06278 -0.743251  0.031139
  1.47089 -0.783562 -0.003072  -2.20282 -0.002689   1.45636 -0.001102	  1.66108 -0.009764  0.061719  0.270525  0.061731 -0.736897  0.030566
  1.47254 -0.783572  -0.00301  -2.20255 -0.002628   1.45563 -0.001072	   1.6345 -0.009952  0.060781  0.267941  0.060691 -0.730532  0.029998
  1.47416 -0.783582  -0.00295  -2.20228 -0.002568    1.4549 -0.001042	  1.60833 -0.010134   0.05985   0.26536  0.059659 -0.724156  0.029436
  1.47576 -0.783592 -0.002891  -2.20201 -0.002508   1.45418 -0.001013	  1.58256 -0.010308  0.058925  0.262783  0.058638 -0.717773   0.02888
  1.47732 -0.783603 -0.002832  -2.20175  -0.00245   1.45347 -0.000985	  1.55718 -0.010476  0.058007   0.26021  0.057625 -0.711384  0.028329
  1.47887 -0.783613 -0.002775  -2.20149 -0.002393   1.45276 -0.000956	  1.53219 -0.010636  0.057097  0.257641  0.056622 -0.704991  0.027784
  1.48039 -0.783624 -0.002718  -2.20124 -0.002337   1.45206 -0.000929	  1.50759 -0.010791  0.056194  0.255079  0.055629 -0.698596  0.027245
  1.48189 -0.783635 -0.002662  -2.20099 -0.002282   1.45136 -0.000902	  1.48336 -0.010939  0.055298  0.252522  0.054646 -0.692202  0.026713
  1.48336 -0.783646 -0.002607  -2.20073 -0.002228   1.45067 -0.000876	  1.45951  -0.01108  0.054409  0.249972  0.053673 -0.685808  0.026186
   1.4848 -0.783657 -0.002553  -2.20049 -0.002175   1.44999  -0.00085	  1.43602 -0.011215  0.053529  0.247429   0.05271 -0.679419  0.025665
  1.48623 -0.783668   -0.0025  -2.20024 -0.002122   1.44931 -0.000824	   1.4129 -0.011344  0.052656  0.244894  0.051758 -0.673035  0.025151
  1.48763 -0.783679 -0.002448  -2.19999 -0.002071   1.44864 -0.000799	  1.39013 -0.011467  0.051792  0.242367  0.050816 -0.666657  0.024643
  1.48901 -0.783691 -0.002397  -2.19975 -0.002021   1.44798 -0.000775	  1.36772 -0.011585  0.050936  0.239849  0.049884 -0.660288  0.024141
  1.49037 -0.783703 -0.002346  -2.19951 -0.001971   1.44732 -0.000751	  1.34564 -0.011696  0.050088  0.237341  0.048963 -0.653929  0.023645
   1.4917 -0.783714 -0.002297  -2.19928 -0.001923   1.44667 -0.000728	  1.32392 -0.011801  0.049248  0.234842  0.048052 -0.647581  0.023155
  1.49301 -0.783726 -0.002248  -2.19905 -0.001875   1.44603 -0.000705	  1.30253   -0.0119  0.048418  0.232354  0.047153 -0.641247  0.022672
  1.49431 -0.783738   -0.0022  -2.19881 -0.001828   1.44539 -0.000682	  1.28147 -0.011994  0.047595  0.229876  0.046264 -0.634927  0.022196
  1.49558  -0.78375 -0.002152  -2.19859 -0.001783   1.44476  -0.00066	  1.26074 -0.012083  0.046782  0.227409  0.045386 -0.628623  0.021725
  1.49683 -0.783762 -0.002106  -2.19836 -0.001738   1.44413 -0.000639	  1.24033 -0.012166  0.045977  0.224954  0.044519 -0.622336  0.021261
  1.49806 -0.783775 -0.002061  -2.19814 -0.001694   1.44351 -0.000618	  1.22024 -0.012243   0.04518  0.222511  0.043662 -0.616068  0.020803
  1.49927 -0.783787 -0.002016  -2.19792  -0.00165    1.4429 -0.000597	  1.20046 -0.012316  0.044393   0.22008  0.042817 -0.609819  0.020352
  1.50046 -0.783799 -0.001972   -2.1977 -0.001608   1.44229 -0.000577	  1.18099 -0.012383  0.043615  0.217662  0.041983 -0.603591  0.019907
  1.50163 -0.783812 -0.001928  -2.19748 -0.001566   1.44169 -0.000557	  1.16182 -0.012445  0.042846  0.215256  0.041159 -0.597385  0.019469
  1.50278 -0.783824 -0.001886  -2.19726 -0.001526    1.4411 -0.000538	  1.14296 -0.012502  0.042085  0.212864  0.040347 -0.591203  0.019037
  1.50392 -0.783837 -0.001844  -2.19705 -0.001486   1.44051 -0.000519	  1.12439 -0.012555  0.041334  0.210485  0.039546 -0.585045  0.018611
  1.50503 -0.783849 -0.001803  -2.19684 -0.001447   1.43993 -0.000501	   1.1061 -0.012602  0.040591  0.208121  0.038755 -0.578912  0.018191
  1.50613 -0.783862 -0.001763  -2.19664 -0.001408   1.43935 -0.000483	  1.08811 -0.012646  0.039858   0.20577  0.037976 -0.572805  0.017779
  1.50721 -0.783874 -0.001724  -2.19643 -0.001371   1.43878 -0.000465	   1.0704 -0.012684  0.039134  0.203434  0.037207 -0.566726  0.017372
  1.50827 -0.783887 -0.001685  -2.19623 -0.001334   1.43822 -0.000448	  1.05296 -0.012719  0.038419  0.201113   0.03645 -0.560675  0.016972
  1.50931   -0.7839 -0.001647  -2.19603 -0.001298   1.43766 -0.000431	  1.03581 -0.012749  0.037713  0.198807  0.035703 -0.554652  0.016578
  1.51034 -0.783913 -0.001609  -2.19583 -0.001262   1.43711 -0.000415	  1.01892 -0.012774  0.037017  0.196515  0.034968  -0.54866   0.01619
  1.51135 -0.783925 -0.001573  -2.19564 -0.001228   1.43656 -0.000399	  1.00229 -0.012796  0.036329   0.19424  0.034242 -0.542699  0.015808
  1.51235 -0.783938 -0.001537  -2.19544 -0.001194   1.43602 -0.000383	 0.985929 -0.012813  0.035651  0.191979  0.033528 -0.536769  0.015433
  1.51332 -0.783951 -0.001501  -2.19525 -0.001161   1.43549 -0.000368	 0.969825 -0.012827  0.034982  0.189735  0.032825 -0.530872  0.015064
  1.51429 -0.783964 -0.001467  -2.19507 -0.001128   1.43496 -0.000353	 0.953975 -0.012837  0.034321  0.187506  0.032132 -0.525008    0.0147
  1.51523 -0.783977 -0.001433  -2.19488 -0.001096   1.43444 -0.000339	 0.938376 -0.012843   0.03367  0.185294   0.03145 -0.519177  0.014343
  1.51616  -0.78399 -0.001399  -2.19469 -0.001065   1.43392 -0.000325	 0.923023 -0.012845  0.033028  0.183098  0.030778 -0.513381  0.013993
  1.51708 -0.784002 -0.001367  -2.19451 -0.001035   1.43341 -0.000311	 0.907913 -0.012843  0.032395  0.180919  0.030117  -0.50762  0.013648
  1.51798 -0.784015 -0.001335  -2.19433 -0.001005   1.43291 -0.000297	 0.893042 -0.012839  0.031771  0.178756  0.029467 -0.501895  0.013309
  1.51886 -0.784028 -0.001303  -2.19415 -0.000976   1.43241 -0.000284	 0.878407 -0.012831  0.031156   0.17661  0.028827 -0.496206  0.012976
  1.51974 -0.784041 -0.001272  -2.19398 -0.000947   1.43192 -0.000271	 0.864004 -0.012819  0.030549  0.174481  0.028197 -0.490553  0.012649
  1.52059 -0.784054 -0.001242  -2.19381 -0.000919   1.43143 -0.000259	 0.849829 -0.012805  0.029952  0.172369  0.027577 -0.484938  0.012328
  1.52144 -0.784067 -0.001212  -2.19363 -0.000892   1.43094 -0.000247	  0.83588 -0.012787  0.029363  0.170274  0.026968 -0.479361  0.012012
  1.52226 -0.784079 -0.001183  -2.19347 -0.000866   1.43047 -0.000235	 0.822152 -0.012766  0.028783  0.168196  0.026368 -0.473822  0.011702
  1.52308 -0.784092 -0.001155   -2.1933 -0.000839      1.43 -0.000223	 0.808643 -0.012743  0.028212  0.166136  0.025779 -0.468321  0.011398
  1.52388 -0.784105 -0.001127  -2.19313 -0.000814   1.42953 -0.000212	  0.79535 -0.012716   0.02765  0.164092    0.0252  -0.46286    0.0111
  1.52467 -0.784118   -0.0011  -2.19297 -0.000789   1.42907 -0.000201	 0.782268 -0.012687  0.027096  0.162067   0.02463 -0.457438  0.010807
  1.52545  -0.78413 -0.001073  -2.19281 -0.000765   1.42862  -0.00019	 0.769394 -0.012655  0.026551  0.160058  0.024071 -0.452056  0.010519
  1.52621 -0.784143 -0.001046  -2.19265 -0.000741   1.42817  -0.00018	 0.756726  -0.01262  0.026014  0.158068  0.023521 -0.446715  0.010237
  1.52696 -0.784155 -0.001021  -2.19249 -0.000718   1.42772  -0.00017	  0.74426 -0.012583  0.025486  0.156095   0.02298 -0.441413   0.00996
   1.5277 -0.784168 -0.000995  -2.19234 -0.000695   1.42728  -0.00016	 0.731994 -0.012544  0.024966  0.154139  0.022449 -0.436153  0.009689
  1.52842 -0.784181 -0.000971  -2.19218 -0.000673   1.42685 -0.000151	 0.719924 -0.012502  0.024454  0.152201  0.021928 -0.430934  0.009423
  1.52914 -0.784193 -0.000947  -2.19203 -0.000651   1.42642 -0.000141	 0.708047 -0.012458  0.023951  0.150281  0.021416 -0.425756  0.009162
  1.52984 -0.784205 -0.000923  -2.19188  -0.00063     1.426 -0.000132	  0.69636 -0.012411  0.023456  0.148378  0.020912  -0.42062  0.008906
  1.53053 -0.784218   -0.0009  -2.19174 -0.000609   1.42558 -0.000123	  0.68486 -0.012363  0.022968  0.146493  0.020418 -0.415525  0.008656
  1.53121  -0.78423 -0.000877  -2.19159 -0.000589   1.42517 -0.000115	 0.673546 -0.012313  0.022489  0.144626  0.019933 -0.410472   0.00841
