 -1.39626 -0.785398         0  -2.18166         0   1.39626        -0	-0 -0  0  0  0 -0 -0
 -1.39567 -0.785398         0  -2.18166        -0   1.39626         0	 1.18682        0        0 -5.1e-05   -1e-06  0.00013        0
 -1.39391 -0.785398         0  -2.18166        -0   1.39626         0	  2.32594     2e-06         0 -0.000241    -1e-06  0.000619        -0
 -1.39104 -0.785398         0  -2.18166        -0   1.39627        -0	  3.41878     4e-06         0 -0.000547    -2e-06  0.001406        -0
  -1.3871 -0.785398         0  -2.18166        -0   1.39627        -0	 4.46677    8e-06       -0 -0.00095   -2e-06 0.002441       -0
 -1.38213 -0.785398        -0  -2.18166        -0   1.39627        -0	  5.47126   1.2e-05    -1e-06 -0.001431    -3e-06  0.003675    -1e-06
 -1.37618 -0.785398        -0  -2.18167        -0   1.39627        -0	  6.43358   1.6e-05    -2e-06 -0.001973    -3e-06  0.005065    -2e-06
 -1.36928 -0.785398        -0  -2.18167        -0   1.39628        -0	  7.35502   2.1e-05    -3e-06 -0.002561    -3e-06  0.006575    -2e-06
 -1.36149 -0.785398        -0  -2.18167        -0   1.39629        -0	  8.23685   2.7e-05    -5e-06 -0.003181    -4e-06  0.008169    -3e-06
 -1.35283 -0.785398        -0  -2.18167        -0   1.39629        -0	  9.08029   3.2e-05    -6e-06 -0.003824    -4e-06  0.009818    -5e-06
 -1.34335 -0.785398        -0  -2.18168        -0    1.3963        -0	  9.88653   3.8e-05    -8e-06 -0.004477    -5e-06  0.011495    -6e-06
 -1.33307 -0.785398        -0  -2.18168        -0   1.39632        -0	  10.6567   4.3e-05    -1e-05 -0.005132    -6e-06  0.013177    -7e-06
 -1.32205 -0.785398        -0  -2.18169        -0   1.39633        -0	   11.392   4.9e-05  -1.2e-05 -0.005781    -6e-06  0.014842    -8e-06
 -1.31031 -0.785398        -0  -2.18169        -0   1.39635        -0	  12.0935   5.4e-05  -1.5e-05 -0.006416    -7e-06  0.016474    -1e-05
 -1.29788 -0.785398        -0   -2.1817        -0   1.39636        -0	  12.7622     6e-05  -1.7e-05 -0.007033    -8e-06  0.018057  -1.1e-05
  -1.2848 -0.785398        -0  -2.18171        -0   1.39638        -0	  13.3991   6.5e-05  -1.9e-05 -0.007625    -8e-06  0.019578  -1.3e-05
  -1.2711 -0.785398        -0  -2.18172        -0    1.3964        -0	  14.0054     7e-05  -2.1e-05 -0.008189    -8e-06  0.021026  -1.4e-05
  -1.2568 -0.785398        -0  -2.18172        -0   1.39642        -0	  14.582  7.5e-05 -2.3e-05 -0.00872   -8e-06  0.02239 -1.5e-05
 -1.24195 -0.785398        -0  -2.18173        -0   1.39644        -0	  15.1297   7.9e-05  -2.5e-05 -0.009216    -8e-06  0.023665  -1.6e-05
 -1.22656 -0.785397        -0  -2.18174        -0   1.39647        -0	  15.6496   8.4e-05  -2.6e-05 -0.009675    -7e-06  0.024843  -1.7e-05
 -1.21066 -0.785397        -0  -2.18175        -0   1.39649        -0	  16.1426   8.7e-05  -2.7e-05 -0.010094    -7e-06   0.02592  -1.8e-05
 -1.19428 -0.785397        -0  -2.18176        -0   1.39652        -0	  16.6095   9.1e-05  -2.8e-05 -0.010473    -7e-06  0.026892  -1.9e-05
 -1.17745 -0.785397        -0  -2.18177        -0   1.39655        -0	  17.0511   9.4e-05  -2.9e-05 -0.010809    -6e-06  0.027757  -1.9e-05
 -1.16019 -0.785397        -0  -2.18178        -0   1.39657        -0	  17.4684   9.6e-05  -2.9e-05 -0.011104    -5e-06  0.028514  -1.9e-05
 -1.14253 -0.785397        -0  -2.18179        -0    1.3966        -0	   17.862   9.9e-05  -2.9e-05 -0.011356    -5e-06  0.029162    -2e-05
 -1.12448 -0.785397        -0  -2.18181        -0   1.39663        -0	  18.2329  0.000101  -2.9e-05 -0.011565    -4e-06  0.029702    -2e-05
 -1.10607 -0.785397        -0  -2.18182        -0   1.39666        -0	  18.5817  0.000103  -2.9e-05 -0.011733    -2e-06  0.030133  -1.9e-05
 -1.08733 -0.785397        -0  -2.18183        -0   1.39669        -0	  18.9092  0.000104  -2.9e-05 -0.011859    -1e-06  0.030459  -1.9e-05
 -1.06827 -0.785397        -0  -2.18184        -0   1.39672        -0	   19.216  0.000106  -2.8e-05 -0.011945         0   0.03068  -1.9e-05
 -1.04891 -0.785397        -0  -2.18185        -0   1.39675        -0	   19.503  0.000107  -2.7e-05 -0.011991     2e-06  0.030799  -1.8e-05
 -1.02927 -0.785396        -0  -2.18186        -0   1.39678        -0	  19.7708  0.000108  -2.6e-05 -0.011998     4e-06   0.03082  -1.8e-05
 -1.00937 -0.785396    -1e-06  -2.18188        -0   1.39681        -0	    20.02  0.000107  -2.5e-05 -0.011969     5e-06  0.030745  -1.7e-05
-0.989239 -0.785396    -1e-06  -2.18189        -0   1.39684        -0	  20.2512  0.000107  -2.2e-05 -0.011903     7e-06  0.030578  -1.6e-05
 -0.96888 -0.785396    -1e-06   -2.1819        -0   1.39687        -0	  20.4652  0.000107    -2e-05 -0.011804     9e-06  0.030323  -1.4e-05
-0.948316 -0.785396    -1e-06  -2.18191        -0    1.3969        -0	  20.6625  0.000106  -1.7e-05 -0.011671   1.2e-05  0.029984  -1.3e-05
-0.927563 -0.785396    -1e-06  -2.18192        -0   1.39693        -0	  20.8436  0.000105  -1.5e-05 -0.011507   1.4e-05  0.029565  -1.2e-05
-0.906637 -0.785396    -1e-06  -2.18193        -0   1.39696        -0	  21.0092  0.000104  -1.2e-05 -0.011314   1.6e-05  0.029069    -1e-05
-0.885553 -0.785396    -1e-06  -2.18194        -0   1.39699        -0	  21.1598  0.000102    -9e-06 -0.011093   1.8e-05  0.028502    -9e-06
-0.864325 -0.785396    -1e-06  -2.18196        -0   1.39702        -0	   21.296  0.000101    -6e-06 -0.010845   2.1e-05  0.027867    -7e-06
-0.842968 -0.785395    -1e-06  -2.18197        -0   1.39705        -0	  21.4182   9.9e-05    -3e-06 -0.010573   2.3e-05   0.02717    -6e-06
-0.821495 -0.785395    -1e-06  -2.18198         0   1.39707        -0	   21.527   9.6e-05        -0 -0.010278   2.5e-05  0.026413    -4e-06
 -0.79992 -0.785395    -1e-06  -2.18199         0    1.3971        -0	  21.6228   9.3e-05     3e-06 -0.009962   2.7e-05  0.025603    -2e-06
-0.778256 -0.785395    -1e-06    -2.182         0   1.39712        -0	  21.7062   9.1e-05     6e-06 -0.009627     3e-05  0.024742        -0
-0.756514 -0.785395    -1e-06  -2.18201         0   1.39715        -0	  21.7775   8.8e-05     9e-06 -0.009274   3.2e-05  0.023835     1e-06
-0.734706 -0.785395    -1e-06  -2.18201         0   1.39717        -0	  21.8374   8.4e-05   1.2e-05 -0.008905   3.4e-05  0.022887     3e-06
-0.712845 -0.785395    -1e-06  -2.18202         0   1.39719        -0	  21.8861   8.1e-05   1.5e-05 -0.008521   3.6e-05  0.021902     5e-06
 -0.69094 -0.785395    -1e-06  -2.18203         0   1.39722        -0	  21.9241   7.8e-05   1.8e-05 -0.008124   3.8e-05  0.020883     6e-06
-0.669002 -0.785395    -1e-06  -2.18204         0   1.39724        -0	  21.9518   7.5e-05   2.1e-05 -0.007716     4e-05  0.019834     8e-06
-0.647041 -0.785395    -1e-06  -2.18205         0   1.39726        -0	  21.9697   7.1e-05   2.4e-05 -0.007297   4.2e-05  0.018759     1e-05
-0.625067 -0.785395    -1e-06  -2.18206         0   1.39727        -0	  21.978  6.8e-05  2.6e-05 -0.00687  4.4e-05 0.017662  1.1e-05
-0.603089 -0.785395        -0  -2.18206         0   1.39729        -0	  21.9772   6.4e-05   2.9e-05 -0.006435   4.6e-05  0.016547   1.3e-05
-0.581117 -0.785395        -0  -2.18207         0   1.39731        -0	  21.9677   6.1e-05   3.1e-05 -0.005995   4.7e-05  0.015416   1.4e-05
-0.559158 -0.785394        -0  -2.18207         0   1.39732        -0	  21.9497   5.7e-05   3.3e-05 -0.005549   4.8e-05  0.014272   1.6e-05
-0.537221 -0.785394        -0  -2.18208     1e-06   1.39734        -0	  21.9237   5.2e-05   3.5e-05 -0.005101     5e-05   0.01312   1.7e-05
-0.515315 -0.785394        -0  -2.18208     1e-06   1.39735        -0	   21.89  4.8e-05  3.6e-05 -0.00465  5.1e-05 0.011962  1.8e-05
-0.493445 -0.785394        -0  -2.18209     1e-06   1.39736        -0	  21.8488   4.4e-05   3.8e-05 -0.004198   5.1e-05  0.010801   1.9e-05
 -0.47162 -0.785394        -0  -2.18209     1e-06   1.39737        -0	  21.8006   3.9e-05   3.9e-05 -0.003746   5.2e-05  0.009639     2e-05
-0.449847 -0.785394        -0   -2.1821     1e-06   1.39738        -0	  21.7455   3.5e-05   4.1e-05 -0.003295   5.3e-05  0.008479   2.1e-05
-0.428133 -0.785394        -0   -2.1821     1e-06   1.39739        -0	   21.684     3e-05   4.2e-05 -0.002846   5.3e-05  0.007324   2.2e-05
-0.428133 -0.785394        -0   -2.1821     1e-06   1.39739        -0	   21.684     3e-05   4.2e-05 -0.002846   5.3e-05  0.007324   2.2e-05
  -0.3849 -0.785394        -0   -2.1821     1e-06    1.3974        -0	  21.5484   1.9e-05   5.3e-05 -0.001637   6.3e-05  0.004219     3e-05
-0.363392 -0.785394        -0   -2.1821     1e-06    1.3974        -0	  21.4687   1.5e-05   5.4e-05 -0.001211   6.3e-05  0.003122     3e-05
-0.341966 -0.785394        -0  -2.18211     1e-06   1.39741        -0	  21.3837   1.1e-05   5.4e-05 -0.000789   6.3e-05  0.002038     3e-05
-0.320627 -0.785394         0  -2.18211     1e-06   1.39741        -0	  21.2934     7e-06   5.5e-05 -0.000372   6.3e-05  0.000967   3.1e-05
-0.299381 -0.785394         0  -2.18211     1e-06   1.39741        -0	 21.1982    3e-06  5.5e-05  3.8e-05  6.2e-05 -8.7e-05  3.1e-05
-0.299381 -0.785394         0  -2.18211     1e-06   1.39741        -0	 21.1982    3e-06  5.5e-05  3.8e-05  6.2e-05 -8.7e-05  3.1e-05
-0.257184 -0.785394         0  -2.18211     1e-06   1.39741        -0	  20.9985    -9e-06   6.4e-05  0.001298   7.1e-05 -0.003327   3.7e-05
 -0.23624 -0.785394         0   -2.1821     1e-06    1.3974         0	 20.8898 -1.3e-05  6.4e-05 0.001669    7e-05 -0.00428  3.6e-05
-0.215407 -0.785394         0   -2.1821     1e-06    1.3974         0	   20.777  -1.7e-05   6.3e-05  0.002032   6.9e-05 -0.005213   3.6e-05
-0.194688 -0.785394         0   -2.1821     1e-06   1.39739         0	  20.6604    -2e-05   6.2e-05  0.002387   6.8e-05 -0.006126   3.6e-05
-0.174088 -0.785394         0   -2.1821     2e-06   1.39739         0	  20.5402  -2.4e-05   6.2e-05  0.002733   6.7e-05 -0.007017   3.5e-05
 -0.15361 -0.785394     1e-06  -2.18209     2e-06   1.39738         0	  20.4165  -2.7e-05   6.1e-05   0.00307   6.5e-05 -0.007885   3.5e-05
-0.133257 -0.785394     1e-06  -2.18209     2e-06   1.39737         0	  20.2896  -3.1e-05   5.9e-05  0.003398   6.4e-05 -0.008728   3.5e-05
-0.113032 -0.785394     1e-06  -2.18209     2e-06   1.39736         0	  20.1597  -3.4e-05   5.8e-05  0.003717   6.2e-05 -0.009548   3.4e-05
-0.092939 -0.785394     1e-06  -2.18208     2e-06   1.39735         0	  20.0268  -3.7e-05   5.6e-05  0.004026     6e-05 -0.010343   3.3e-05
 -0.07298 -0.785394     1e-06  -2.18208     2e-06   1.39734         0	  19.8912    -4e-05   5.5e-05  0.004325   5.9e-05 -0.011111   3.3e-05
-0.053158 -0.785394     1e-06  -2.18208     2e-06   1.39733         0	  19.7531  -4.3e-05   5.3e-05  0.004613   5.7e-05 -0.011855   3.2e-05
-0.033475 -0.785394     1e-06  -2.18207     2e-06   1.39732         0	  19.6125  -4.6e-05   5.2e-05  0.004892   5.5e-05 -0.012571   3.1e-05
-0.013934 -0.785394     1e-06  -2.18207     2e-06    1.3973         0	 19.4697 -4.9e-05    5e-05  0.00516  5.3e-05 -0.01326    3e-05
 0.005464 -0.785395     1e-06  -2.18206     2e-06   1.39729         0	  19.3249  -5.2e-05   4.8e-05  0.005417   5.1e-05 -0.013923     3e-05
 0.024715 -0.785395     1e-06  -2.18206     2e-06   1.39728         0	   19.178  -5.4e-05   4.7e-05  0.005664     5e-05 -0.014558   2.9e-05
 0.043819 -0.785395     1e-06  -2.18205     2e-06   1.39726         0	  19.0293  -5.6e-05   4.5e-05  0.005901   4.8e-05 -0.015166   2.8e-05
 0.062773 -0.785395     1e-06  -2.18204     2e-06   1.39725     1e-06	  18.8789  -5.8e-05   4.3e-05  0.006127   4.6e-05 -0.015747   2.7e-05
 0.081576 -0.785395     1e-06  -2.18204     2e-06   1.39723     1e-06	  18.727   -6e-05  4.2e-05 0.006342  4.5e-05  -0.0163  2.6e-05
 0.100226 -0.785395     1e-06  -2.18203     2e-06   1.39721     1e-06	  18.5736  -6.2e-05     4e-05  0.006546   4.3e-05 -0.016825   2.5e-05
 0.118722 -0.785395     1e-06  -2.18202     2e-06    1.3972     1e-06	  18.4189  -6.4e-05   3.8e-05   0.00674   4.1e-05 -0.017323   2.3e-05
 0.137063 -0.785395     1e-06  -2.18202     2e-06   1.39718     1e-06	  18.2629  -6.5e-05   3.7e-05  0.006923   3.9e-05 -0.017794   2.2e-05
 0.155248 -0.785395     1e-06  -2.18201     2e-06   1.39716     1e-06	  18.1059  -6.7e-05   3.5e-05  0.007096   3.8e-05 -0.018238   2.1e-05
 0.173275 -0.785395     1e-06    -2.182     2e-06   1.39714     1e-06	  17.9479  -6.9e-05   3.3e-05  0.007258   3.6e-05 -0.018655     2e-05
 0.191143 -0.785395     1e-06    -2.182     2e-06   1.39712     1e-06	   17.789    -7e-05   3.2e-05   0.00741   3.4e-05 -0.019046   1.8e-05
 0.208852 -0.785395     1e-06  -2.18199     3e-06   1.39711     1e-06	  17.6293  -7.2e-05     3e-05  0.007552   3.3e-05 -0.019411   1.7e-05
 0.226401 -0.785395     1e-06  -2.18198     3e-06   1.39709     1e-06	  17.4689  -7.3e-05   2.8e-05  0.007684   3.1e-05 -0.019749   1.6e-05
  0.24379 -0.785395     1e-06  -2.18197     3e-06   1.39707     1e-06	  17.4689  -7.3e-05   2.8e-05  0.007684   3.1e-05 -0.019749   1.6e-05
 0.261014 -0.785395     1e-06  -2.18197     3e-06   1.39705     1e-06	  17.1399  -8.2e-05   2.9e-05  0.008536   3.1e-05 -0.021939   1.6e-05
 0.278073 -0.785395     2e-06  -2.18196     3e-06   1.39702     1e-06	  16.9783  -8.3e-05   2.7e-05  0.008613   2.9e-05 -0.022137   1.5e-05
  0.29497 -0.785396     2e-06  -2.18195     3e-06     1.397     1e-06	  16.8162  -8.4e-05   2.4e-05  0.008681   2.6e-05 -0.022313   1.3e-05
 0.311705 -0.785396     2e-06  -2.18194     3e-06   1.39698     1e-06	  16.6539  -8.4e-05   2.1e-05  0.008741   2.4e-05 -0.022466   1.2e-05
 0.328278 -0.785396     2e-06  -2.18193     3e-06   1.39696     1e-06	  16.4914  -8.4e-05   1.9e-05  0.008792   2.2e-05 -0.022598     1e-05
 0.344688 -0.785396     2e-06  -2.18192     3e-06   1.39693     1e-06	 16.3287 -8.5e-05  1.7e-05 0.008835    2e-05 -0.02271    9e-06
 0.360935 -0.785396     2e-06  -2.18191     3e-06   1.39691     1e-06	  16.166 -8.5e-05  1.4e-05 0.008871  1.7e-05  -0.0228    8e-06
  0.37702 -0.785396     2e-06   -2.1819     3e-06   1.39689     1e-06	  16.0033  -8.5e-05   1.2e-05  0.008898   1.5e-05 -0.022871     7e-06
 0.392942 -0.785396     2e-06   -2.1819     3e-06   1.39687     1e-06	  15.8407  -8.5e-05     1e-05  0.008918   1.3e-05 -0.022922     5e-06
 0.408701 -0.785396     2e-06  -2.18189     3e-06   1.39684     1e-06	  15.6782  -8.5e-05     8e-06  0.008931   1.1e-05 -0.022954     4e-06
 0.424298 -0.785396     2e-06  -2.18188     3e-06   1.39682     1e-06	  15.5159  -8.6e-05     6e-06  0.008936     1e-05 -0.022968     3e-06
 0.439733 -0.785396     2e-06  -2.18187     3e-06    1.3968     1e-06	  15.3539  -8.6e-05     3e-06  0.008934     8e-06 -0.022964     2e-06
 0.455006 -0.785396     2e-06  -2.18186     3e-06   1.39677     1e-06	  15.1922  -8.6e-05     1e-06  0.008925     6e-06 -0.022942     1e-06
 0.470118 -0.785397     2e-06  -2.18185     3e-06   1.39675     1e-06	  15.0308  -8.6e-05    -1e-06   0.00891     4e-06 -0.022903    -1e-06
 0.485068 -0.785397     2e-06  -2.18184     3e-06   1.39673     1e-06	  14.8698  -8.5e-05    -2e-06  0.008889     2e-06 -0.022847    -2e-06
 0.499858 -0.785397     2e-06  -2.18183     3e-06   1.39671     1e-06	  14.7093  -8.5e-05    -4e-06  0.008861         0 -0.022776    -3e-06
 0.514487 -0.785397     2e-06  -2.18182     3e-06   1.39668     1e-06	  14.5493  -8.4e-05    -6e-06  0.008828    -1e-06 -0.022689    -4e-06
 0.528957 -0.785397     2e-06  -2.18182     3e-06   1.39666     1e-06	  14.3899  -8.3e-05    -7e-06  0.008788    -3e-06 -0.022588    -4e-06
 0.543267 -0.785397     2e-06  -2.18181     3e-06   1.39664     1e-06	   14.231  -8.3e-05    -9e-06  0.008743    -4e-06 -0.022472    -5e-06
 0.557419 -0.785397     2e-06   -2.1818     3e-06   1.39662     1e-06	  14.0728  -8.2e-05    -1e-05  0.008693    -6e-06 -0.022343    -6e-06
 0.571413 -0.785397     2e-06  -2.18179     3e-06   1.39659     1e-06	 13.9152 -8.2e-05 -1.2e-05 0.008638   -7e-06  -0.0222   -7e-06
  0.58525 -0.785397     2e-06  -2.18178     3e-06   1.39657     1e-06	  13.7584  -8.1e-05  -1.3e-05  0.008577    -9e-06 -0.022044    -8e-06
  0.59893 -0.785397     2e-06  -2.18177     3e-06   1.39655     1e-06	  13.6023    -8e-05  -1.5e-05  0.008512    -1e-05 -0.021877    -9e-06
 0.612455 -0.785397     2e-06  -2.18176     3e-06   1.39653     1e-06	  13.4469    -8e-05  -1.6e-05  0.008442  -1.1e-05 -0.021698    -1e-05
 0.625824 -0.785397     2e-06  -2.18176     3e-06   1.39651     1e-06	  13.2924  -7.9e-05  -1.8e-05  0.008368  -1.3e-05 -0.021507    -1e-05
  0.63904 -0.785397     2e-06  -2.18175     3e-06   1.39649     1e-06	  13.1387  -7.9e-05  -1.9e-05   0.00829  -1.4e-05 -0.021306  -1.1e-05
 0.652102 -0.785398     2e-06  -2.18174     3e-06   1.39646     1e-06	  12.9858  -7.8e-05    -2e-05  0.008208  -1.5e-05 -0.021095  -1.2e-05
 0.665012 -0.785398     1e-06  -2.18173     3e-06   1.39644     1e-06	  12.8339  -7.7e-05  -2.1e-05  0.008122  -1.6e-05 -0.020874  -1.2e-05
  0.67777 -0.785398     1e-06  -2.18172     3e-06   1.39642     1e-06	  12.6828  -7.6e-05  -2.2e-05  0.008033  -1.7e-05 -0.020645  -1.3e-05
 0.690378 -0.785398     1e-06  -2.18172     3e-06    1.3964     1e-06	  12.5327  -7.4e-05  -2.2e-05  0.007941  -1.8e-05 -0.020406  -1.3e-05
 0.702836 -0.785398     1e-06  -2.18171     3e-06   1.39638     1e-06	  12.3836  -7.3e-05  -2.3e-05  0.007845  -1.9e-05 -0.020159  -1.4e-05
 0.715146 -0.785398     1e-06   -2.1817     3e-06   1.39636     1e-06	  12.2354  -7.2e-05  -2.3e-05  0.007746    -2e-05 -0.019905  -1.5e-05
 0.727308 -0.785398     1e-06  -2.18169     3e-06   1.39634     1e-06	  12.0883  -7.1e-05  -2.4e-05  0.007644  -2.1e-05 -0.019643  -1.5e-05
 0.739323 -0.785398     1e-06  -2.18168     3e-06   1.39632     1e-06	  11.9421    -7e-05  -2.4e-05   0.00754  -2.2e-05 -0.019375  -1.5e-05
 0.751192 -0.785398     1e-06  -2.18168     3e-06    1.3963     1e-06	   11.797  -6.9e-05  -2.5e-05  0.007434  -2.3e-05 -0.019101  -1.6e-05
 0.762917 -0.785398     1e-06  -2.18167     3e-06   1.39628     1e-06	  11.653 -6.8e-05 -2.5e-05 0.007325 -2.4e-05 -0.01882 -1.6e-05
 0.774499 -0.785398     1e-06  -2.18166     3e-06   1.39627     1e-06	    11.51  -6.7e-05  -2.5e-05  0.007214  -2.4e-05 -0.018534  -1.7e-05
 0.785938 -0.785398     1e-06  -2.18166     3e-06   1.39625     1e-06	  11.3681  -6.6e-05  -2.6e-05    0.0071  -2.5e-05 -0.018243  -1.7e-05
 0.797236 -0.785398     1e-06  -2.18165     2e-06   1.39623     1e-06	  11.2274  -6.5e-05  -2.6e-05  0.006985  -2.6e-05 -0.017947  -1.7e-05
 0.808393 -0.785398     1e-06  -2.18164     2e-06   1.39621     1e-06	  11.0877  -6.4e-05  -2.7e-05  0.006869  -2.6e-05 -0.017647  -1.8e-05
 0.819412 -0.785399     1e-06  -2.18163     2e-06    1.3962     1e-06	  10.9492  -6.3e-05  -2.7e-05  0.006751  -2.6e-05 -0.017344  -1.8e-05
 0.830292 -0.785399     1e-06  -2.18163     2e-06   1.39618     1e-06	  10.8117  -6.2e-05  -2.7e-05  0.006631  -2.7e-05 -0.017037  -1.8e-05
 0.841036 -0.785399     1e-06  -2.18162     2e-06   1.39616         0	  10.6755    -6e-05  -2.7e-05  0.006511  -2.7e-05 -0.016726  -1.8e-05
 0.851644 -0.785399     1e-06  -2.18161     2e-06   1.39614         0	  10.5404  -5.9e-05  -2.7e-05  0.006389  -2.7e-05 -0.016413  -1.8e-05
 0.862117 -0.785399     1e-06  -2.18161     2e-06   1.39613         0	  10.4064  -5.7e-05  -2.7e-05  0.006266  -2.7e-05 -0.016097  -1.8e-05
 0.872457 -0.785399     1e-06   -2.1816     2e-06   1.39611         0	  10.2736  -5.6e-05  -2.8e-05  0.006142  -2.8e-05 -0.015779  -1.8e-05
 0.882665 -0.785399     1e-06   -2.1816     2e-06    1.3961         0	  10.142 -5.5e-05 -2.8e-05 0.006018 -2.8e-05 -0.01546 -1.8e-05
 0.892742 -0.785399     1e-06  -2.18159     2e-06   1.39608         0	  10.0116  -5.3e-05  -2.8e-05  0.005893  -2.8e-05 -0.015139  -1.8e-05
 0.902689 -0.785399     1e-06  -2.18159     2e-06   1.39607         0	  9.88234  -5.2e-05  -2.8e-05  0.005768  -2.8e-05 -0.014816  -1.7e-05
 0.912507 -0.785399     1e-06  -2.18158     2e-06   1.39605         0	  9.75429  -5.1e-05  -2.8e-05  0.005642  -2.8e-05 -0.014493  -1.7e-05
 0.922198 -0.785399     1e-06  -2.18157     2e-06   1.39604         0	  9.62744    -5e-05  -2.8e-05  0.005516  -2.8e-05 -0.014169  -1.7e-05
 0.931762 -0.785399     1e-06  -2.18157     2e-06   1.39602         0	  9.50178  -4.8e-05  -2.8e-05   0.00539  -2.9e-05 -0.013845  -1.7e-05
 0.941202 -0.785399     1e-06  -2.18156     2e-06   1.39601         0	  9.37732  -4.7e-05  -2.8e-05  0.005264  -2.9e-05 -0.013521  -1.7e-05
 0.950518 -0.785399     1e-06  -2.18156     2e-06     1.396         0	  9.25407  -4.6e-05  -2.8e-05  0.005138  -2.9e-05 -0.013196  -1.6e-05
 0.959711 -0.785399     1e-06  -2.18155     2e-06   1.39598         0	  9.13201  -4.5e-05  -2.8e-05  0.005012  -2.9e-05 -0.012872  -1.6e-05
 0.968782 -0.785399     1e-06  -2.18155     2e-06   1.39597         0	  9.01117  -4.4e-05  -2.8e-05  0.004886  -2.9e-05 -0.012549  -1.6e-05
 0.977734 -0.785399     1e-06  -2.18154     2e-06   1.39596         0	  8.89153  -4.3e-05  -2.8e-05  0.004761  -2.9e-05 -0.012227  -1.6e-05
 0.986566 -0.785399     1e-06  -2.18154     2e-06   1.39595         0	  8.77309  -4.2e-05  -2.8e-05  0.004636  -2.9e-05 -0.011906  -1.6e-05
  0.99528 -0.785399     1e-06  -2.18153     2e-06   1.39593         0	  8.65586  -4.1e-05  -2.8e-05  0.004511  -2.9e-05 -0.011586  -1.5e-05
 1.00388  -0.7854    1e-06 -2.18153    2e-06  1.39592        0	  8.53983    -4e-05  -2.8e-05  0.004387  -2.9e-05 -0.011267  -1.5e-05
 1.01236  -0.7854    1e-06 -2.18153    2e-06  1.39591        0	 8.42501 -3.8e-05 -2.8e-05 0.004264 -2.9e-05 -0.01095 -1.5e-05
 1.02073  -0.7854    1e-06 -2.18152    2e-06   1.3959        0	  8.31138  -3.7e-05  -2.8e-05  0.004142  -2.9e-05 -0.010635  -1.5e-05
 1.02898  -0.7854    1e-06 -2.18152    2e-06  1.39589        0	  8.19895  -3.5e-05  -2.8e-05   0.00402  -2.9e-05 -0.010322  -1.5e-05
 1.03713  -0.7854    1e-06 -2.18151    2e-06  1.39588        0	  8.08772  -3.4e-05  -2.8e-05  0.003899  -2.9e-05 -0.010011  -1.4e-05
 1.04516  -0.7854    1e-06 -2.18151    2e-06  1.39587        0	  7.97768  -3.3e-05  -2.8e-05  0.003779  -2.9e-05 -0.009703  -1.4e-05
 1.05308  -0.7854        0 -2.18151    2e-06  1.39586        0	  7.86883  -3.1e-05  -2.7e-05   0.00366  -2.9e-05 -0.009397  -1.4e-05
 1.0609 -0.7854       0 -2.1815   2e-06 1.39585       0	  7.76116    -3e-05  -2.7e-05  0.003542  -2.9e-05 -0.009093  -1.4e-05
1.06861 -0.7854       0 -2.1815   2e-06 1.39584       0	  7.65467  -2.9e-05  -2.6e-05  0.003425  -2.9e-05 -0.008793  -1.3e-05
 1.07621  -0.7854        0 -2.18149    2e-06  1.39584        0	  7.54936  -2.8e-05  -2.5e-05  0.003309  -2.9e-05 -0.008495  -1.3e-05
 1.08371  -0.7854        0 -2.18149    2e-06  1.39583        0	 7.44522 -2.7e-05 -2.5e-05 0.003194 -2.9e-05  -0.0082 -1.3e-05
  1.0911  -0.7854        0 -2.18149    2e-06  1.39582        0	  7.34225  -2.5e-05  -2.4e-05  0.003081  -2.9e-05 -0.007908  -1.3e-05
 1.09839  -0.7854        0 -2.18149    2e-06  1.39581        0	 7.24044 -2.4e-05 -2.4e-05 0.002969 -2.9e-05 -0.00762 -1.2e-05
 1.10558  -0.7854        0 -2.18148    2e-06   1.3958        0	  7.13978  -2.3e-05  -2.3e-05  0.002858  -2.9e-05 -0.007335  -1.2e-05
 1.11267  -0.7854        0 -2.18148    1e-06   1.3958        0	  7.04028  -2.2e-05  -2.3e-05  0.002748  -2.9e-05 -0.007053  -1.2e-05
 1.11966  -0.7854        0 -2.18148    1e-06  1.39579        0	  6.94192  -2.1e-05  -2.2e-05   0.00264  -2.8e-05 -0.006774  -1.2e-05
 1.12655  -0.7854        0 -2.18147    1e-06  1.39578       -0	 6.84469   -2e-05 -2.2e-05 0.002533 -2.8e-05  -0.0065 -1.1e-05
 1.13335  -0.7854        0 -2.18147    1e-06  1.39578       -0	   6.7486  -1.9e-05  -2.1e-05  0.002427  -2.8e-05 -0.006229  -1.1e-05
 1.14005  -0.7854        0 -2.18147    1e-06  1.39577       -0	  6.65364  -1.8e-05  -2.1e-05  0.002323  -2.7e-05 -0.005961  -1.1e-05
 1.14666  -0.7854        0 -2.18147    1e-06  1.39576       -0	  6.55979  -1.8e-05    -2e-05  0.002221  -2.7e-05 -0.005698  -1.1e-05
 1.15317  -0.7854        0 -2.18147    1e-06  1.39576       -0	  6.46705  -1.7e-05    -2e-05  0.002119  -2.6e-05 -0.005438  -1.1e-05
 1.15959  -0.7854        0 -2.18146    1e-06  1.39575       -0	  6.37542  -1.6e-05  -1.9e-05   0.00202  -2.6e-05 -0.005182    -1e-05
 1.16592  -0.7854        0 -2.18146    1e-06  1.39575       -0	  6.28488  -1.5e-05  -1.9e-05  0.001922  -2.5e-05 -0.004929    -1e-05
 1.17216  -0.7854        0 -2.18146    1e-06  1.39575       -0	  6.19544  -1.4e-05  -1.8e-05  0.001826  -2.5e-05 -0.004681    -1e-05
 1.17832  -0.7854        0 -2.18146    1e-06  1.39574       -0	  6.10707  -1.3e-05  -1.8e-05  0.001731  -2.5e-05 -0.004437    -1e-05
 1.18438  -0.7854        0 -2.18146    1e-06  1.39574       -0	  6.01978  -1.2e-05  -1.7e-05  0.001637  -2.4e-05 -0.004197    -9e-06
 1.19036  -0.7854        0 -2.18146    1e-06  1.39573       -0	  5.93356  -1.2e-05  -1.7e-05  0.001545  -2.4e-05 -0.003961    -9e-06
 1.19625  -0.7854        0 -2.18145    1e-06  1.39573       -0	  5.84839  -1.1e-05  -1.7e-05  0.001455  -2.3e-05 -0.003729    -9e-06
 1.20205  -0.7854        0 -2.18145    1e-06  1.39572       -0	 5.76427   -1e-05 -1.6e-05 0.001366 -2.3e-05  -0.0035   -9e-06
 1.20778  -0.7854        0 -2.18145    1e-06  1.39572       -0	   5.6812    -9e-06  -1.6e-05  0.001279  -2.3e-05 -0.003276    -9e-06
 1.21342  -0.7854       -0 -2.18145    1e-06  1.39572       -0	  5.59916    -9e-06  -1.5e-05  0.001193  -2.3e-05 -0.003057    -8e-06
 1.21897  -0.7854       -0 -2.18145    1e-06  1.39572       -0	  5.51815    -8e-06  -1.5e-05  0.001109  -2.2e-05 -0.002841    -8e-06
 1.22445  -0.7854       -0 -2.18145    1e-06  1.39571       -0	  5.43815    -7e-06  -1.5e-05  0.001026  -2.2e-05 -0.002629    -8e-06
 1.22985  -0.7854       -0 -2.18145    1e-06  1.39571       -0	  5.35916    -7e-06  -1.4e-05  0.000945  -2.2e-05 -0.002421    -8e-06
 1.23517  -0.7854       -0 -2.18145    1e-06  1.39571       -0	  5.28117    -6e-06  -1.4e-05  0.000866  -2.1e-05 -0.002218    -8e-06
 1.24041  -0.7854       -0 -2.18144    1e-06   1.3957       -0	  5.20418    -5e-06  -1.3e-05  0.000788  -2.1e-05 -0.002019    -8e-06
 1.24558  -0.7854       -0 -2.18144    1e-06   1.3957       -0	  5.12816    -5e-06  -1.3e-05  0.000712  -2.1e-05 -0.001823    -7e-06
 1.25067  -0.7854       -0 -2.18144    1e-06   1.3957       -0	  5.05312    -4e-06  -1.3e-05  0.000638    -2e-05 -0.001632    -7e-06
 1.25569  -0.7854       -0 -2.18144    1e-06   1.3957       -0	  4.97905    -4e-06  -1.2e-05  0.000565    -2e-05 -0.001445    -7e-06
 1.26063  -0.7854       -0 -2.18144    1e-06   1.3957       -0	  4.90593    -3e-06  -1.2e-05  0.000493    -2e-05 -0.001262    -7e-06
  1.2655  -0.7854       -0 -2.18144    1e-06   1.3957       -0	  4.83376    -3e-06  -1.2e-05  0.000424    -2e-05 -0.001083    -7e-06
  1.2703  -0.7854       -0 -2.18144    1e-06   1.3957       -0	  4.76253    -2e-06  -1.2e-05  0.000356  -1.9e-05 -0.000908    -6e-06
 1.27503  -0.7854       -0 -2.18144    1e-06   1.3957       -0	  4.69222    -2e-06  -1.1e-05  0.000289  -1.9e-05 -0.000737    -6e-06
 1.27968  -0.7854       -0 -2.18144    1e-06  1.39569       -0	 4.62284   -1e-06 -1.1e-05 0.000224 -1.9e-05 -0.00057   -6e-06
 1.28427  -0.7854       -0 -2.18144    1e-06  1.39569       -0	  4.55438        -0  -1.1e-05   0.00016  -1.9e-05 -0.000407    -6e-06
 1.28879  -0.7854       -0 -2.18144    1e-06  1.39569       -0	  4.48681        -0    -1e-05   9.8e-05  -1.8e-05 -0.000248    -6e-06
 1.29324  -0.7854       -0 -2.18144    1e-06  1.39569       -0	 4.42014        0   -1e-05  3.8e-05 -1.8e-05 -9.3e-05   -6e-06
 1.29763  -0.7854       -0 -2.18144    1e-06  1.39569       -0	 4.35435    1e-06   -1e-05 -2.1e-05 -1.8e-05  5.9e-05   -5e-06
 1.30195  -0.7854       -0 -2.18144    1e-06  1.39569       -0	 4.28945    1e-06   -1e-05 -7.9e-05 -1.8e-05 0.000207   -5e-06
 1.30621  -0.7854       -0 -2.18144    1e-06  1.39569       -0	  4.22541     2e-06    -9e-06 -0.000135  -1.8e-05  0.000351    -5e-06
 1.31041  -0.7854       -0 -2.18144    1e-06  1.39569       -0	 4.16222    2e-06   -9e-06 -0.00019 -1.7e-05 0.000491   -5e-06
 1.31454  -0.7854       -0 -2.18144    1e-06   1.3957       -0	  4.09989     3e-06    -9e-06 -0.000243  -1.7e-05  0.000627    -5e-06
 1.31861  -0.7854       -0 -2.18144    1e-06   1.3957       -0	   4.0384     3e-06    -8e-06 -0.000294  -1.7e-05   0.00076    -5e-06
 1.32261  -0.7854       -0 -2.18144    1e-06   1.3957       -0	  3.97774     3e-06    -8e-06 -0.000345  -1.7e-05  0.000889    -5e-06
 1.32656  -0.7854       -0 -2.18144    1e-06   1.3957       -0	   3.9179     4e-06    -8e-06 -0.000394  -1.7e-05  0.001015    -4e-06
 1.33045  -0.7854       -0 -2.18144    1e-06   1.3957       -0	  3.85888     4e-06    -8e-06 -0.000441  -1.6e-05  0.001137    -4e-06
 1.33428  -0.7854       -0 -2.18144    1e-06   1.3957       -0	  3.80066     5e-06    -8e-06 -0.000487  -1.6e-05  0.001255    -4e-06
 1.33805  -0.7854       -0 -2.18144    1e-06   1.3957       -0	  3.74324     5e-06    -7e-06 -0.000532  -1.6e-05   0.00137    -4e-06
 1.34177  -0.7854       -0 -2.18144    1e-06   1.3957       -0	  3.68661     5e-06    -7e-06 -0.000575  -1.6e-05  0.001482    -4e-06
 1.34543  -0.7854       -0 -2.18144    1e-06   1.3957       -0	  3.63076     6e-06    -7e-06 -0.000617  -1.6e-05   0.00159    -4e-06
 1.34903  -0.7854       -0 -2.18145    1e-06  1.39571       -0	  3.57568     6e-06    -7e-06 -0.000658  -1.6e-05  0.001695    -4e-06
 1.35258  -0.7854       -0 -2.18145    1e-06  1.39571       -0	  3.52136     6e-06    -6e-06 -0.000698  -1.5e-05  0.001796    -4e-06
 1.35607  -0.7854       -0 -2.18145        0  1.39571       -0	  3.46779     7e-06    -6e-06 -0.000736  -1.5e-05  0.001895    -3e-06
 1.35951  -0.7854       -0 -2.18145        0  1.39571       -0	  3.41497     7e-06    -6e-06 -0.000774  -1.5e-05   0.00199    -3e-06
  1.3629  -0.7854       -0 -2.18145        0  1.39571       -0	  3.36288     7e-06    -6e-06 -0.000809  -1.4e-05  0.002082    -3e-06
 1.36624  -0.7854       -0 -2.18145        0  1.39572       -0	  3.31153     8e-06    -6e-06 -0.000844  -1.4e-05  0.002171    -3e-06
 1.36953  -0.7854       -0 -2.18145        0  1.39572       -0	  3.26089     8e-06    -6e-06 -0.000877  -1.3e-05  0.002257    -3e-06
 1.37276  -0.7854       -0 -2.18145        0  1.39572       -0	 3.21096    8e-06   -5e-06 -0.00091 -1.3e-05  0.00234   -3e-06
 1.37595  -0.7854       -0 -2.18145        0  1.39572       -0	  3.16174     8e-06    -5e-06 -0.000941  -1.2e-05   0.00242    -3e-06
 1.37908  -0.7854       -0 -2.18145        0  1.39573       -0	   3.1132     9e-06    -5e-06 -0.000971  -1.2e-05  0.002497    -3e-06
 1.38217  -0.7854       -0 -2.18145        0  1.39573       -0	 3.06536    9e-06   -5e-06   -0.001 -1.2e-05 0.002571   -3e-06
 1.38522  -0.7854       -0 -2.18145        0  1.39573       -0	  3.01819     9e-06    -5e-06 -0.001028  -1.1e-05  0.002643    -3e-06
 1.38821  -0.7854       -0 -2.18146        0  1.39573       -0	   2.9717     9e-06    -5e-06 -0.001055  -1.1e-05  0.002712    -3e-06
 1.39116  -0.7854       -0 -2.18146        0  1.39574       -0	  2.92587     1e-05    -4e-06 -0.001081    -1e-05  0.002778    -2e-06
 1.39406  -0.7854       -0 -2.18146        0  1.39574       -0	  2.88069     1e-05    -4e-06 -0.001106    -1e-05  0.002841    -2e-06
 1.39692  -0.7854       -0 -2.18146        0  1.39574       -0	 2.83615    1e-05   -4e-06 -0.00113   -1e-05 0.002902   -2e-06
 1.39974  -0.7854       -0 -2.18146        0  1.39575       -0	  2.79225     1e-05    -4e-06 -0.001152    -9e-06   0.00296    -2e-06
 1.40251  -0.7854       -0 -2.18146        0  1.39575       -0	  2.74899   1.1e-05    -4e-06 -0.001174    -9e-06  0.003016    -2e-06
 1.40523  -0.7854       -0 -2.18146        0  1.39575       -0	  2.70634   1.1e-05    -4e-06 -0.001195    -9e-06  0.003069    -2e-06
 1.40792  -0.7854       -0 -2.18146        0  1.39575       -0	  2.66432   1.1e-05    -4e-06 -0.001214    -8e-06   0.00312    -2e-06
 1.41056  -0.7854       -0 -2.18146        0  1.39576       -0	  2.62289   1.1e-05    -3e-06 -0.001233    -8e-06  0.003169    -2e-06
 1.41317  -0.7854       -0 -2.18147        0  1.39576       -0	  2.58207   1.1e-05    -3e-06 -0.001252    -8e-06  0.003215    -2e-06
 1.41573  -0.7854       -0 -2.18147        0  1.39576       -0	  2.54184   1.2e-05    -3e-06 -0.001269    -7e-06   0.00326    -2e-06
 1.41825  -0.7854       -0 -2.18147        0  1.39577       -0	  2.50219   1.2e-05    -3e-06 -0.001285    -7e-06  0.003301    -2e-06
 1.42073  -0.7854       -0 -2.18147        0  1.39577       -0	  2.46313   1.2e-05    -3e-06 -0.001301    -7e-06  0.003341    -2e-06
 1.42318  -0.7854       -0 -2.18147        0  1.39577       -0	  2.42463   1.2e-05    -3e-06 -0.001315    -7e-06  0.003379    -2e-06
 1.42558  -0.7854       -0 -2.18147        0  1.39578       -0	  2.38669   1.2e-05    -3e-06 -0.001329    -6e-06  0.003414    -1e-06
 1.42795  -0.7854       -0 -2.18147        0  1.39578       -0	  2.34931   1.3e-05    -3e-06 -0.001342    -6e-06  0.003447    -1e-06
 1.43028  -0.7854       -0 -2.18147        0  1.39578       -0	  2.31247   1.3e-05    -2e-06 -0.001354    -6e-06  0.003479    -1e-06
 1.43257  -0.7854       -0 -2.18148        0  1.39579       -0	  2.27618   1.3e-05    -2e-06 -0.001366    -6e-06  0.003509    -1e-06
 1.43483  -0.7854       -0 -2.18148        0  1.39579       -0	  2.24042   1.3e-05    -2e-06 -0.001376    -6e-06  0.003536    -1e-06
 1.43706  -0.7854       -0 -2.18148        0  1.39579       -0	  2.20519   1.3e-05    -2e-06 -0.001386    -5e-06  0.003562    -1e-06
 1.43924  -0.7854       -0 -2.18148        0   1.3958       -0	  2.17048   1.3e-05    -2e-06 -0.001396    -5e-06  0.003586    -1e-06
  1.4414  -0.7854       -0 -2.18148        0   1.3958       -0	  2.13628   1.3e-05    -2e-06 -0.001405    -5e-06  0.003609    -1e-06
 1.44352  -0.7854       -0 -2.18148        0   1.3958       -0	  2.10259   1.4e-05    -2e-06 -0.001412    -5e-06  0.003629    -1e-06
  1.4456  -0.7854       -0 -2.18148        0  1.39581       -0	  2.0694  1.4e-05   -2e-06 -0.00142   -5e-06 0.003648   -1e-06
 1.44766  -0.7854       -0 -2.18149        0  1.39581       -0	   2.0367   1.4e-05    -2e-06 -0.001427    -4e-06  0.003665    -1e-06
 1.44968  -0.7854       -0 -2.18149        0  1.39582       -0	  2.00449   1.4e-05    -2e-06 -0.001433    -4e-06  0.003681    -1e-06
 1.45166  -0.7854       -0 -2.18149        0  1.39582       -0	  1.97276   1.4e-05    -2e-06 -0.001438    -4e-06  0.003695    -1e-06
 1.45362  -0.7854       -0 -2.18149        0  1.39582       -0	   1.9415   1.4e-05    -2e-06 -0.001443    -4e-06  0.003708    -1e-06
 1.45555  -0.7854       -0 -2.18149        0  1.39583       -0	  1.91071   1.4e-05    -1e-06 -0.001448    -4e-06  0.003719    -1e-06
 1.45744  -0.7854       -0 -2.18149        0  1.39583       -0	  1.88038   1.4e-05    -1e-06 -0.001452    -4e-06  0.003729    -1e-06
 1.45931  -0.7854       -0 -2.18149        0  1.39583       -0	   1.8505   1.5e-05    -1e-06 -0.001455    -4e-06  0.003737    -1e-06
1.46114 -0.7854      -0 -2.1815       0 1.39584      -0	  1.82108   1.5e-05    -1e-06 -0.001457    -4e-06  0.003744    -1e-06
1.46295 -0.7854      -0 -2.1815       0 1.39584      -0	  1.7921  1.5e-05   -1e-06 -0.00146   -3e-06  0.00375   -1e-06
1.46473 -0.7854      -0 -2.1815       0 1.39585      -0	  1.76355   1.5e-05    -1e-06 -0.001461    -3e-06  0.003754    -1e-06
1.46648 -0.7854      -0 -2.1815       0 1.39585      -0	  1.73544   1.5e-05    -1e-06 -0.001463    -3e-06  0.003757    -1e-06
 1.4682 -0.7854      -0 -2.1815       0 1.39585      -0	  1.70774   1.5e-05    -1e-06 -0.001463    -3e-06  0.003759        -0
1.46989 -0.7854      -0 -2.1815       0 1.39586      -0	  1.68047   1.5e-05    -1e-06 -0.001464    -3e-06   0.00376        -0
 1.47156  -0.7854       -0 -2.18151        0  1.39586       -0	  1.65361   1.5e-05    -1e-06 -0.001464    -3e-06  0.003759        -0
  1.4732  -0.7854       -0 -2.18151        0  1.39586       -0	  1.62716   1.5e-05    -1e-06 -0.001463    -3e-06  0.003758        -0
 1.47482  -0.7854       -0 -2.18151        0  1.39587       -0	  1.62716   1.5e-05    -1e-06 -0.001463    -3e-06  0.003758        -0
  1.4764  -0.7854       -0 -2.18151        0  1.39587       -0	  1.57442   1.6e-05    -1e-06 -0.001451    -3e-06  0.003728        -0
 1.47797  -0.7854       -0 -2.18151        0  1.39588       -0	  1.5492  1.6e-05   -1e-06 -0.00145   -2e-06 0.003724       -0
  1.4795  -0.7854       -0 -2.18151        0  1.39588       -0	  1.52436   1.6e-05    -1e-06 -0.001448    -2e-06   0.00372        -0
 1.48101  -0.7854       -0 -2.18151        0  1.39588       -0	  1.49991   1.6e-05    -1e-06 -0.001446    -2e-06  0.003714        -0
  1.4825  -0.7854       -0 -2.18152        0  1.39589       -0	  1.47582   1.6e-05    -1e-06 -0.001444    -2e-06  0.003707        -0
  1.48397 -0.785399        -0  -2.18152         0   1.39589        -0	  1.45211   1.6e-05    -1e-06 -0.001441    -2e-06    0.0037        -0
  1.48541 -0.785399        -0  -2.18152         0    1.3959        -0	  1.42875   1.6e-05        -0 -0.001437    -2e-06  0.003692        -0
  1.48682 -0.785399        -0  -2.18152         0    1.3959        -0	  1.40576   1.5e-05        -0 -0.001434    -2e-06  0.003682        -0
  1.48822 -0.785399        -0  -2.18152         0    1.3959        -0	 1.38312  1.5e-05   -1e-06 -0.00143   -2e-06 0.003673       -0
  1.48959 -0.785399        -0  -2.18152         0   1.39591        -0	  1.36083   1.5e-05        -0 -0.001426    -2e-06  0.003662        -0
  1.49094 -0.785399        -0  -2.18152         0   1.39591        -0	  1.33888   1.4e-05        -0 -0.001421    -2e-06   0.00365        -0
  1.49227 -0.785399        -0  -2.18153         0   1.39591        -0	  1.31726   1.4e-05        -0 -0.001416    -2e-06  0.003638        -0
  1.49358 -0.785399        -0  -2.18153         0   1.39592        -0	  1.29598   1.4e-05        -0 -0.001411    -2e-06  0.003625        -0
  1.49486 -0.785399        -0  -2.18153         0   1.39592        -0	  1.27503   1.4e-05    -1e-06 -0.001406    -2e-06  0.003611        -0
  1.49613 -0.785399        -0  -2.18153         0   1.39592        -0	  1.2544  1.3e-05       -0  -0.0014   -1e-06 0.003597       -0
  1.49737 -0.785399        -0  -2.18153         0   1.39593        -0	   1.2341   1.3e-05        -0 -0.001395    -1e-06  0.003581        -0
  1.49859 -0.785399        -0  -2.18153         0   1.39593        -0	   1.2141   1.3e-05        -0 -0.001388    -1e-06  0.003566        -0
   1.4998 -0.785399        -0  -2.18153         0   1.39593        -0	  1.19442   1.3e-05        -0 -0.001382    -1e-06   0.00355        -0
  1.50098 -0.785399        -0  -2.18153         0   1.39594        -0	  1.17504   1.3e-05        -0 -0.001375    -1e-06  0.003533        -0
  1.50215 -0.785399        -0  -2.18154         0   1.39594        -0	  1.15597   1.2e-05        -0 -0.001369    -1e-06  0.003515        -0
   1.5033 -0.785399        -0  -2.18154         0   1.39594        -0	  1.13719   1.2e-05        -0 -0.001362    -1e-06  0.003497        -0
  1.50442 -0.785399    -1e-06  -2.18154         0   1.39595        -0	   1.1187   1.2e-05        -0 -0.001355    -1e-06  0.003479        -0
  1.50553 -0.785399    -1e-06  -2.18154         0   1.39595        -0	   1.1005   1.2e-05        -0 -0.001347    -1e-06   0.00346        -0
  1.50662 -0.785399    -1e-06  -2.18154         0   1.39596        -0	 1.08259  1.2e-05        0 -0.00134   -1e-06 0.003441       -0
   1.5077 -0.785399        -0  -2.18154         0   1.39596        -0	  1.06495   1.1e-05     1e-06 -0.001332    -1e-06  0.003421        -0
  1.50875 -0.785399        -0  -2.18154         0   1.39596        -0	  1.04759   1.1e-05     1e-06 -0.001324    -1e-06  0.003401        -0
  1.50979 -0.785399        -0  -2.18155         0   1.39597        -0	  1.03051   1.1e-05     1e-06 -0.001316    -1e-06   0.00338        -0
  1.51082 -0.785399        -0  -2.18155         0   1.39597        -0	  1.01369   1.1e-05     1e-06 -0.001308    -1e-06  0.003359        -0
  1.51182 -0.785399        -0  -2.18155         0   1.39597        -0	0.997133  1.1e-05    1e-06  -0.0013   -1e-06 0.003338       -0
  1.51281 -0.785399        -0  -2.18155         0   1.39598        -0	 0.980837   1.1e-05     1e-06 -0.001291    -1e-06  0.003316        -0
  1.51378 -0.785399        -0  -2.18155         0   1.39598        -0	 0.964798   1.1e-05         0 -0.001283    -1e-06  0.003294        -0
  1.51474 -0.785399        -0  -2.18155         0   1.39598        -0	 0.949012   1.1e-05         0 -0.001274    -1e-06  0.003272        -0
  1.51568 -0.785399        -0  -2.18155         0   1.39599        -0	 0.933475     1e-05         0 -0.001265    -1e-06   0.00325        -0
  1.51661 -0.785399        -0  -2.18155         0   1.39599        -0	 0.918182     1e-05         0 -0.001257    -1e-06  0.003227        -0
  1.51752 -0.785399        -0  -2.18156         0   1.39599        -0	 0.903131     1e-05         0 -0.001248    -1e-06  0.003204        -0
  1.51841 -0.785399        -0  -2.18156         0     1.396        -0	 0.888317     1e-05         0 -0.001238    -1e-06   0.00318        -0
  1.51929 -0.785399        -0  -2.18156         0     1.396        -0	 0.873738     1e-05         0 -0.001229    -1e-06  0.003157        -0
  1.52016 -0.785399        -0  -2.18156         0     1.396        -0	0.859389    1e-05        0 -0.00122   -1e-06 0.003133       -0
