 -1.39626 -0.785398        -0  -2.18166         0   1.39626        -0	-0 -0 -0  0  0 -0 -0
 -1.39626 -0.785398        -0  -2.18166         0   1.39626        -0	-0 -0 -0  0  0 -0 -0
 -1.39567 -0.785399  -8.1e-05  -2.18167 -0.000161   1.39626  -8.6e-05	  1.18436 -0.001306 -0.161408 -0.007474 -0.321895  0.000581 -0.172496
  -1.3939 -0.785401 -0.000323  -2.18168 -0.000644   1.39627 -0.000345	  2.36871 -0.002901 -0.322821 -0.015121 -0.643775  0.001207 -0.344986
 -1.39096 -0.785405 -0.000721   -2.1817 -0.001438   1.39627 -0.000771	  3.50551 -0.004848  -0.47359 -0.022817 -0.944386  0.002075 -0.506083
 -1.38691 -0.785411 -0.001265  -2.18172 -0.002522   1.39627 -0.001351	  4.59428 -0.007017 -0.613609 -0.030524  -1.22352  0.003595 -0.655675
 -1.38179 -0.785419 -0.001943  -2.18176 -0.003875   1.39627 -0.002076	  5.63647 -0.009274 -0.743316 -0.038215  -1.48206  0.006173 -0.794228
 -1.37566 -0.785429 -0.002746   -2.1818 -0.005476   1.39628 -0.002935	  6.63355 -0.011502 -0.863162 -0.045871  -1.72088  0.010195 -0.922222
 -1.36855 -0.785441 -0.003665  -2.18185 -0.007307    1.3963 -0.003916	  7.58695 -0.013596 -0.973588 -0.053478  -1.94085  0.016025  -1.04012
 -1.36051 -0.785456 -0.004689   -2.1819 -0.009349   1.39631  -0.00501	  8.49809 -0.015462  -1.07503 -0.061026  -2.14284     0.024  -1.14838
 -1.35157 -0.785472  -0.00581  -2.18197 -0.011584   1.39634 -0.006208	  9.36831 -0.017017   -1.1679  -0.06851  -2.32766  0.034431  -1.24745
 -1.34179 -0.785489 -0.007021  -2.18204 -0.013996   1.39638   -0.0075	  10.1989 -0.018188  -1.25263 -0.075927  -2.49612  0.047603  -1.33774
 -1.33119 -0.785508 -0.008312  -2.18212 -0.016568   1.39644 -0.008879	  10.9913 -0.018914   -1.3296 -0.083276  -2.64901  0.063772  -1.41969
 -1.31982 -0.785527 -0.009676  -2.18221 -0.019287   1.39651 -0.010336	  11.7465  -0.01914  -1.39921 -0.090561  -2.78708  0.083165  -1.49368
 -1.30772 -0.785546 -0.011107   -2.1823 -0.022136   1.39661 -0.011863	   12.466  -0.01882  -1.46183 -0.097785  -2.91107  0.105982  -1.56013
 -1.29491 -0.785564 -0.012596   -2.1824 -0.025102   1.39673 -0.013452	  13.1507 -0.017917  -1.51785 -0.104951  -3.02171  0.132395  -1.61939
 -1.28143 -0.785581 -0.014139  -2.18251 -0.028173   1.39687 -0.015098	  13.8019   -0.0164   -1.5676 -0.112064  -3.11969  0.162546  -1.67185
 -1.26732 -0.785596 -0.015729  -2.18263 -0.031335   1.39705 -0.016793	  14.4207 -0.014246  -1.61145 -0.119131  -3.20569  0.196552  -1.71786
 -1.25261 -0.785609 -0.017359  -2.18275 -0.034578   1.39727 -0.018531	  15.0082 -0.011436  -1.64971 -0.126155  -3.28037  0.234503  -1.75776
 -1.23732 -0.785619 -0.019025  -2.18288 -0.037891   1.39752 -0.020305	  15.5653 -0.007959  -1.68272 -0.133143  -3.34436   0.27646  -1.79189
 -1.22149 -0.785624 -0.020722  -2.18302 -0.041262   1.39782 -0.022112	  16.0932 -0.003808  -1.71079   -0.1401  -3.39827  0.322463  -1.82057
 -1.20515 -0.785626 -0.022444  -2.18316 -0.044682   1.39817 -0.023944	  16.5927  0.001019  -1.73421 -0.147029  -3.44269  0.372527   -1.8441
 -1.18832 -0.785622 -0.024188  -2.18331 -0.048142   1.39857 -0.025797	  17.0649   0.00652  -1.75327 -0.153936  -3.47819  0.426642  -1.86278
 -1.17103 -0.785612 -0.025949  -2.18347 -0.051634   1.39902 -0.027667	  17.5107  0.012689  -1.76825 -0.160821  -3.50533  0.484778  -1.87691
 -1.15331 -0.785596 -0.027722  -2.18363 -0.055149   1.39954 -0.029549	  17.931 0.019517 -1.77942 -0.16769 -3.52462 0.546885 -1.88676
 -1.13518 -0.785573 -0.029505   -2.1838  -0.05868   1.40012 -0.031438	  18.3266  0.026989  -1.78702 -0.174542  -3.53656  0.612893  -1.89258
 -1.11667 -0.785542 -0.031294  -2.18398 -0.062218   1.40077 -0.033332	  18.6984  0.035092   -1.7913 -0.181379  -3.54165  0.682715  -1.89464
  -1.0978 -0.785502 -0.033086  -2.18417 -0.065759   1.40149 -0.035226	  19.0473  0.043807  -1.79249 -0.188202  -3.54034  0.756245  -1.89318
 -1.07859 -0.785454 -0.034878  -2.18436 -0.069296   1.40228 -0.037116	  19.3739  0.053113   -1.7908 -0.195009  -3.53307  0.833365  -1.88842
 -1.05906 -0.785396 -0.036666  -2.18456 -0.072822   1.40315 -0.039001	  19.6792  0.062988  -1.78646 -0.201799  -3.52027  0.913939  -1.88059
 -1.03924 -0.785328 -0.038449  -2.18476 -0.076334   1.40411 -0.040876	  19.9638  0.073408  -1.77965 -0.208571  -3.50232  0.997823  -1.86991
 -1.01914 -0.785249 -0.040224  -2.18497 -0.079824   1.40515 -0.042739	  20.2284  0.084348  -1.77057 -0.215321  -3.47962   1.08486  -1.85656
-0.998791 -0.785159 -0.041989  -2.18519  -0.08329   1.40628 -0.044588	  20.4739  0.095781  -1.75939 -0.222046  -3.45252   1.17487  -1.84075
-0.978204 -0.785057 -0.043741  -2.18542 -0.086727    1.4075 -0.046419	  20.7008   0.10768  -1.74628 -0.228742  -3.42136    1.2677  -1.82265
-0.957399 -0.784943  -0.04548  -2.18565 -0.090131   1.40881 -0.048232	  20.9098  0.120016  -1.73139 -0.235404  -3.38647   1.36314  -1.80244
-0.936393 -0.784817 -0.047203  -2.18589 -0.093498   1.41023 -0.050023	  21.1016   0.13276  -1.71489 -0.242029  -3.34815   1.46101  -1.78028
-0.915204 -0.784678 -0.048909  -2.18613 -0.096825   1.41174 -0.051791	 21.2768 0.145882  -1.6969 -0.24861 -3.30667  1.56111 -1.75632
-0.893848 -0.784525 -0.050596  -2.18638  -0.10011   1.41335 -0.053535	  21.4359  0.159353  -1.67756 -0.255141  -3.26233   1.66324  -1.73071
 -0.87234 -0.784359 -0.052263  -2.18664 -0.103348   1.41506 -0.055252	  21.5797  0.173144  -1.65699 -0.261616  -3.21536   1.76718  -1.70358
-0.850696 -0.784179 -0.053909  -2.18691 -0.106539   1.41688 -0.056941	  21.7087  0.187223  -1.63531 -0.268028  -3.16601   1.87275  -1.67508
 -0.82893 -0.783985 -0.055533  -2.18718 -0.109679   1.41881 -0.058601	  21.8233  0.201562  -1.61261 -0.274372  -3.11449   1.97971  -1.64531
-0.807056 -0.783776 -0.057133  -2.18746 -0.112766   1.42084 -0.060231	  21.9242   0.21613  -1.58902 -0.280639  -3.06102   2.08786   -1.6144
-0.785088 -0.783552  -0.05871  -2.18774   -0.1158   1.42298 -0.061829	  22.0119  0.230898   -1.5646 -0.286823  -3.00579   2.19699  -1.58244
-0.763039 -0.783314 -0.060262  -2.18803 -0.118777   1.42524 -0.063395	  22.0868  0.245838  -1.53945 -0.292915  -2.94897   2.30689  -1.54954
-0.740921 -0.783061 -0.061788  -2.18832 -0.121696    1.4276 -0.064928	 22.1495 0.260919 -1.51365 -0.29891 -2.89074  2.41734  -1.5158
-0.718746 -0.782792 -0.063288  -2.18863 -0.124557   1.43007 -0.066426	  22.2004  0.276115  -1.48728 -0.304799  -2.83125   2.52814   -1.4813
-0.696526 -0.782509 -0.064762  -2.18893 -0.127358   1.43265  -0.06789	  22.2401  0.291398  -1.46039 -0.310575  -2.77063   2.63908  -1.44612
-0.674271  -0.78221 -0.066209  -2.18925 -0.130098   1.43535 -0.069318	  22.2688  0.306741  -1.43304 -0.316229  -2.70904   2.74996  -1.41034
-0.651993 -0.781895 -0.067628  -2.18957 -0.132775   1.43815  -0.07071	  22.2872  0.322117   -1.4053 -0.321755  -2.64658   2.86058  -1.37403
-0.629702 -0.781566 -0.069019  -2.18989  -0.13539   1.44107 -0.072065	  22.2955  0.337502  -1.37722 -0.327145  -2.58337   2.97074  -1.33725
-0.607407 -0.781221 -0.070382  -2.19022 -0.137941   1.44409 -0.073384	  22.2942   0.35287  -1.34883 -0.332392  -2.51951   3.08025  -1.30008
-0.585118  -0.78086 -0.071716  -2.19056 -0.140428   1.44723 -0.074665	  22.2838  0.368198  -1.32019 -0.337487   -2.4551   3.18892  -1.26255
-0.562844 -0.780485 -0.073022   -2.1909 -0.142851   1.45047 -0.075909	  22.2644  0.383462  -1.29133 -0.342424  -2.39022   3.29657  -1.22473
-0.540594 -0.780094 -0.074298  -2.19124 -0.145208   1.45382 -0.077114	  22.2367  0.398638  -1.26228 -0.347195  -2.32496   3.40303  -1.18667
-0.518375 -0.779687 -0.075546  -2.19159   -0.1475   1.45728 -0.078282	  22.2008  0.413707  -1.23307 -0.351794  -2.25937   3.50812  -1.14841
-0.496196 -0.779266 -0.076764  -2.19195 -0.149727   1.46084 -0.079411	  22.1571  0.428647  -1.20373 -0.356213  -2.19354   3.61167  -1.10999
-0.451988  -0.77838 -0.079113  -2.19267 -0.153981   1.46826 -0.081554	  22.0479  0.458059  -1.14477 -0.364488  -2.06135   3.81355  -1.03282
-0.451988  -0.77838 -0.079113  -2.19267 -0.153981   1.46826 -0.081554	  22.0479  0.458059  -1.14477 -0.364488  -2.06135   3.81355  -1.03282
-0.429976 -0.777915 -0.080242  -2.19303 -0.156009   1.47212 -0.082567	  21.9761  0.471212  -1.11403 -0.368786  -1.99367   3.90834 -0.993346
-0.408035 -0.777437 -0.081341   -2.1934 -0.157969   1.47608 -0.083541	  21.9047  0.485455  -1.08429 -0.372388  -1.92728    4.0041 -0.954609
-0.386169 -0.776945  -0.08241  -2.19378 -0.159863   1.48013 -0.084476	  21.8273   0.49949  -1.05465 -0.375787  -1.86103   4.09767 -0.915955
-0.364384 -0.776438  -0.08345  -2.19415 -0.161691   1.48427 -0.085372	  21.7441  0.513285  -1.02499 -0.378972  -1.79481   4.18884 -0.877339
-0.342684 -0.775918  -0.08446  -2.19454 -0.163453   1.48851  -0.08623	  21.6552  0.526826 -0.995317 -0.381937  -1.72866   4.27751 -0.838782
-0.321076 -0.775385 -0.085441  -2.19492 -0.165148   1.49283  -0.08705	   21.561  0.540098 -0.965633 -0.384677   -1.6626   4.36354 -0.800307
-0.299564 -0.774838 -0.086391   -2.1953 -0.166778   1.49723 -0.087831	  21.4617  0.553087 -0.935947 -0.387186  -1.59665   4.44684 -0.761935
-0.278155 -0.774279 -0.087312  -2.19569 -0.168342   1.50172 -0.088574	  21.3575   0.56578 -0.906265  -0.38946  -1.53084    4.5273 -0.723688
-0.256852 -0.773707 -0.088204  -2.19608 -0.169839   1.50629 -0.089278	  21.2488  0.578165 -0.876593 -0.391495   -1.4652   4.60482 -0.685584
 -0.23566 -0.773123 -0.089066  -2.19648 -0.171272   1.51093 -0.089945	  21.1356  0.590229 -0.846934 -0.393288  -1.39974   4.67932 -0.647642
-0.214583 -0.772527 -0.089898  -2.19687 -0.172639   1.51564 -0.090574	  21.0183  0.601962 -0.817289 -0.394834  -1.33448   4.75071 -0.609879
-0.193625  -0.77192   -0.0907  -2.19727 -0.173941   1.52043 -0.091165	  20.8971  0.613352 -0.787663 -0.396131  -1.26943   4.81893 -0.572311
 -0.17279 -0.771301 -0.091473  -2.19766 -0.175178   1.52528 -0.091718	  20.7721   0.62439 -0.758056 -0.397175  -1.20462   4.88388 -0.534953
-0.152082 -0.770671 -0.092216  -2.19806  -0.17635   1.53019 -0.092235	  20.6437  0.635067 -0.728469 -0.397965  -1.14005   4.94553 -0.497822
-0.131505 -0.770031  -0.09293  -2.19846 -0.177458   1.53517 -0.092714	  20.5119  0.645372 -0.698905 -0.398497  -1.07575    5.0038 -0.460931
 -0.11106 -0.769381 -0.093614  -2.19886 -0.178502    1.5402 -0.093157	   20.377  0.655299 -0.669362 -0.398772  -1.01172   5.05864 -0.424295
-0.090752 -0.768721 -0.094269  -2.19926 -0.179482   1.54528 -0.093563	  20.2392   0.66484 -0.639842 -0.398786 -0.947973   5.11001 -0.387927
-0.070583 -0.768051 -0.094894  -2.19965 -0.180398   1.55042 -0.093933	  20.0986  0.673987 -0.610345 -0.398539 -0.884527   5.15788  -0.35184
-0.050556 -0.767373 -0.095489  -2.20005 -0.181251    1.5556 -0.094267	  19.9554  0.682735 -0.580871 -0.398032 -0.821391   5.20221 -0.316048
-0.030674 -0.766686 -0.096056  -2.20045 -0.182041   1.56082 -0.094565	  19.8098  0.691075 -0.551421 -0.397262 -0.758577   5.24296 -0.280563
-0.010938 -0.765991 -0.096592  -2.20085 -0.182768   1.56608 -0.094828	   19.512  0.706516 -0.492596  -0.39494 -0.633961   5.31367 -0.210564
 0.008649 -0.765289   -0.0971  -2.20124 -0.183433   1.57138 -0.095056	   19.512  0.706516 -0.492596  -0.39494 -0.633961   5.31367 -0.210564
 0.028088 -0.764579 -0.097579  -2.20164 -0.184038   1.57671  -0.09525	  19.3662  0.712836 -0.465174 -0.393962 -0.575577   5.34263 -0.177898
 0.047378 -0.763863 -0.098029  -2.20203 -0.184583   1.58206 -0.095411	  19.2125  0.719474 -0.435834 -0.392183 -0.514171   5.36897 -0.143766
 0.066512  -0.76314  -0.09845  -2.20242 -0.185067   1.58744 -0.095538	  19.0568  0.725745 -0.406432   -0.3901 -0.452994   5.39171  -0.10992
 0.085491 -0.762412 -0.098842  -2.20281 -0.185489   1.59285 -0.095631	  18.8997  0.731586 -0.377063 -0.387759 -0.392209   5.41082 -0.076453
 0.104311 -0.761677 -0.099205   -2.2032 -0.185852   1.59827 -0.095691	  18.7411   0.73699  -0.34773 -0.385167 -0.331836   5.42631 -0.043379
 0.122972 -0.760938 -0.099538  -2.20358 -0.186153    1.6037 -0.095718	  18.5813  0.741956 -0.318438 -0.382326 -0.271888    5.4382  -0.01071
 0.141473 -0.760194 -0.099842  -2.20396 -0.186396   1.60914 -0.095713	  18.4203   0.74648 -0.289188  -0.37924 -0.212379   5.44649  0.021543
 0.159812 -0.759445 -0.100116  -2.20434 -0.186579   1.61459 -0.095675	  18.2583  0.750563 -0.259985 -0.375913 -0.153321   5.45121   0.05337
 0.177989 -0.758693 -0.100362  -2.20472 -0.186703   1.62004 -0.095606	  18.0954  0.754202 -0.230834 -0.372347 -0.094729   5.45239  0.084759
 0.196003 -0.757937 -0.100578  -2.20508 -0.186768   1.62549 -0.095506	  17.9316  0.757396 -0.201739 -0.368548 -0.036618   5.45005  0.115701
 0.213852 -0.757178 -0.100766  -2.20545 -0.186776   1.63094 -0.095375	  17.7671  0.760146 -0.172704  -0.36452  0.020998   5.44423  0.146186
 0.231537 -0.756417 -0.100924  -2.20581 -0.186727   1.63638 -0.095214	   17.602  0.762452 -0.143736 -0.360269  0.078103   5.43497  0.176202
 0.249056 -0.755654 -0.101053  -2.20617 -0.186621   1.64181 -0.095023	  17.4364  0.764314 -0.114841 -0.355799  0.134683    5.4223  0.205742
 0.266409 -0.754889 -0.101154  -2.20653 -0.186458   1.64722 -0.094803	  17.2704  0.765733 -0.086026 -0.351116  0.190722   5.40628  0.234794
 0.283597 -0.754123 -0.101226  -2.20688  -0.18624   1.65262 -0.094554	   17.104   0.76671 -0.057297 -0.346225  0.246203   5.38694   0.26335
 0.300617 -0.753356 -0.101269  -2.20722 -0.185966     1.658 -0.094276	  16.9373  0.767247 -0.028663 -0.341134  0.301111   5.36433  0.291402
 0.317471 -0.752588 -0.101283  -2.20756 -0.185638   1.66335 -0.093971	  16.7704  0.767346  -0.00013 -0.335848   0.35543   5.33852  0.318941
 0.334158 -0.751821 -0.101269  -2.20789 -0.185256   1.66867 -0.093639	  16.6035   0.76701  0.028292 -0.330374  0.409142   5.30956  0.345958
 0.350678 -0.751055 -0.101227  -2.20822  -0.18482   1.67397 -0.093279	  16.4365  0.766239  0.056594 -0.324719  0.462231    5.2775  0.372446
 0.367031 -0.750289 -0.101156  -2.20854 -0.184332   1.67923 -0.092894	 16.2696 0.765038 0.084767 -0.31889 0.514682  5.24241 0.398398
 0.383218 -0.749525 -0.101058  -2.20886 -0.183791   1.68445 -0.092483	  16.1028  0.763411  0.112802 -0.312893  0.566476   5.20434  0.423806
 0.399237 -0.748762 -0.100931  -2.20917   -0.1832   1.68963 -0.092047	  15.9361   0.76136  0.140689 -0.306738  0.617598   5.16337  0.448665
  0.41509 -0.748002 -0.100777  -2.20947 -0.182557   1.69478 -0.091586	 15.7697 0.758891 0.168418 -0.30043 0.668031  5.11957 0.472969
 0.430777 -0.747245 -0.100595  -2.20977 -0.181864   1.69987 -0.091101	  15.6036  0.756006  0.195977 -0.293979  0.717759     5.073  0.496711
 0.446297 -0.746491 -0.100385  -2.21006 -0.181122   1.70492 -0.090593	  15.4379  0.752711  0.223357 -0.287391  0.766765   5.02373  0.519887
 0.461653  -0.74574 -0.100148  -2.21034 -0.180331   1.70992 -0.090062	  15.2725  0.749012  0.250546 -0.280675  0.815033   4.97183  0.542491
 0.476843 -0.744993 -0.099884  -2.21062 -0.179492   1.71486 -0.089508	  15.1076  0.744912  0.277533 -0.273839  0.862548   4.91739  0.564521
 0.491868  -0.74425 -0.099594  -2.21089 -0.178607   1.71975 -0.088933	 14.9432 0.740419 0.304307 -0.26689 0.909294  4.86048 0.585973
  0.50673 -0.743512 -0.099276  -2.21115 -0.177675   1.72459 -0.088337	  14.7794  0.735537  0.330856 -0.259838  0.955255   4.80116  0.606843
 0.521427 -0.742779 -0.098932  -2.21141 -0.176697   1.72935  -0.08772	 14.6162 0.730273 0.357169 -0.25269  1.00042  4.73953 0.627128
 0.535962 -0.742052 -0.098562  -2.21166 -0.175674   1.73406 -0.087083	  14.4536  0.724634  0.383235 -0.245455   1.04477   4.67566  0.646827
 0.550335  -0.74133 -0.098166   -2.2119 -0.174608   1.73871 -0.086427	  14.2917  0.718625   0.40904 -0.238142   1.08829   4.60963  0.665939
 0.564546 -0.740615 -0.097744  -2.21213 -0.173498   1.74328 -0.085751	  14.1306  0.712255  0.434574 -0.230757   1.13098   4.54151  0.684462
 0.578597 -0.739906 -0.097297  -2.21236 -0.172347   1.74779 -0.085058	 13.9702  0.70553 0.459826 -0.22331  1.17281   4.4714 0.702396
 0.592487 -0.739204 -0.096825  -2.21258 -0.171153   1.75222 -0.084347	  13.8106  0.698458  0.484783 -0.215808   1.21377   4.39937   0.71974
 0.606218 -0.738509 -0.096328  -2.21279  -0.16992   1.75659 -0.083619	  13.6518  0.691046  0.509433 -0.208261   1.25386    4.3255  0.736496
 0.619791 -0.737822 -0.095807    -2.213 -0.168646   1.76087 -0.082874	  13.4939  0.683303  0.533767 -0.200676   1.29305   4.24987  0.752663
 0.633207 -0.737143 -0.095261  -2.21319 -0.167334   1.76509 -0.082114	 13.3368 0.675237 0.557771 -0.19306  1.33135  4.17257 0.768245
 0.646465 -0.736471 -0.094692  -2.21338 -0.165984   1.76922 -0.081338	  13.1807  0.666855  0.581436 -0.185423   1.36875   4.09368  0.783242
 0.659569 -0.735809 -0.094099  -2.21357 -0.164598   1.77327 -0.080548	  13.0256  0.658167   0.60475 -0.177772   1.40522   4.01327  0.797658
 0.672517 -0.735155 -0.093483  -2.21374 -0.163175   1.77725 -0.079743	  12.8714   0.64918  0.627703 -0.170115   1.44077   3.93144  0.811495
 0.685312 -0.734511 -0.092844  -2.21391 -0.161717   1.78114 -0.078925	  12.7182  0.639905  0.650283 -0.162458   1.47538   3.84825  0.824756
 0.697954 -0.733876 -0.092182  -2.21407 -0.160225   1.78494 -0.078094	  12.566 0.630349 0.672482 -0.15481  1.50905  3.76379 0.837446
 0.710445  -0.73325 -0.091499  -2.21422 -0.158699   1.78866 -0.077251	  12.4148  0.620523  0.694288 -0.147179   1.54178   3.67814  0.849568
 0.722784 -0.732635 -0.090794  -2.21436 -0.157142    1.7923 -0.076395	 12.2647 0.610436 0.715692 -0.13957  1.57355  3.59138 0.861128
 0.734975 -0.732029 -0.090068  -2.21449 -0.155553   1.79585 -0.075529	  12.1157  0.600095  0.736685 -0.131992   1.60437   3.50359   0.87213
 0.747016 -0.731435 -0.089321  -2.21462 -0.153934   1.79931 -0.074652	  11.9678  0.589512  0.757258 -0.124451   1.63422   3.41484  0.882579
 0.758911  -0.73085 -0.088554  -2.21474 -0.152285   1.80268 -0.073764	  11.8209  0.578696  0.777402 -0.116953   1.66311   3.32521  0.892483
 0.770659 -0.730277 -0.087767  -2.21486 -0.150608   1.80596 -0.072867	  11.6752  0.567656  0.797109 -0.109506   1.69104   3.23477  0.901846
 0.782262 -0.729715  -0.08696  -2.21496 -0.148904   1.80915 -0.071961	  11.5307  0.556402  0.816372 -0.102115   1.71799   3.14361  0.910674
 0.793721 -0.729164 -0.086135  -2.21506 -0.147173   1.81225 -0.071046	  11.3872  0.544944  0.835182 -0.094786   1.74398   3.05179  0.918976
 0.805037 -0.728625  -0.08529  -2.21515 -0.145417   1.81525 -0.070123	   11.245  0.533291  0.853532 -0.087525   1.76899   2.95938  0.926758
 0.816211 -0.728098 -0.084428  -2.21524 -0.143636   1.81816 -0.069193	  11.1038  0.521453  0.871416 -0.080339   1.79304   2.86646  0.934026
 0.827245 -0.727582 -0.083548  -2.21531 -0.141831   1.82098 -0.068255	  10.9639  0.509441  0.888828 -0.073232   1.81611    2.7731   0.94079
  0.83814 -0.727079 -0.082651  -2.21538 -0.140004   1.82371 -0.067311	  10.8252  0.497264  0.905762 -0.066209   1.83822   2.67935  0.947056
 0.848896 -0.726588 -0.081737  -2.21545 -0.138155   1.82634 -0.066362	  10.6876  0.484931  0.922213 -0.059276   1.85937    2.5853  0.952832
 0.859516 -0.726109 -0.080807   -2.2155 -0.136286   1.82888 -0.065406	  10.5513  0.472453  0.938175 -0.052437   1.87956   2.49101  0.958127
     0.87 -0.725643 -0.079861  -2.21555 -0.134397   1.83133 -0.064446	  10.4162  0.459839  0.953644 -0.045697   1.89879   2.39654   0.96295
 0.880349  -0.72519   -0.0789  -2.21559 -0.132489   1.83367 -0.063481	 10.2822 0.447099 0.968616 -0.03906  1.91707  2.30195 0.967308
 0.890565 -0.724749 -0.077924  -2.21563 -0.130563   1.83593 -0.062511	  10.1495  0.434242  0.983087 -0.032531    1.9344    2.2073  0.971211
 0.900649 -0.724321 -0.076934  -2.21566 -0.128621   1.83809 -0.061538	  10.0181  0.421279  0.997055 -0.026112   1.95079   2.11266  0.974667
 0.910602 -0.723906  -0.07593  -2.21568 -0.126662   1.84016 -0.060562	   9.8878  0.408218   1.01052 -0.019808   1.96625   2.01808  0.977685
 0.920425 -0.723505 -0.074913   -2.2157 -0.124689   1.84213 -0.059583	  9.75877  0.395069   1.02347 -0.013623   1.98078   1.92362  0.980275
  0.93012 -0.723116 -0.073884  -2.21571 -0.122701     1.844 -0.058602	  9.63097  0.381841   1.03591 -0.007559   1.99439   1.82933  0.982446
 0.939687 -0.722741 -0.072842  -2.21571 -0.120701   1.84579 -0.057619	  9.50441  0.368544   1.04784 -0.001619   2.00709   1.73527  0.984206
 0.949129 -0.722379 -0.071789  -2.21571 -0.118688   1.84747 -0.056634	 9.37907 0.355186  1.05926 0.004193  2.01889  1.64148 0.985565
 0.958446  -0.72203 -0.070724  -2.21571 -0.116664   1.84907 -0.055648	 9.25497 0.341777  1.07016 0.009876   2.0298  1.54803 0.986533
  0.96764 -0.721695 -0.069649  -2.21569 -0.114629   1.85057 -0.054661	 9.13211 0.328324  1.08055 0.015426  2.03982  1.45495 0.987119
 0.976711 -0.721374 -0.068563  -2.21568 -0.112585   1.85198 -0.053674	 9.01048 0.314838  1.09043 0.020842  2.04897   1.3623 0.987332
 0.985662 -0.721066 -0.067468  -2.21565 -0.110532    1.8533 -0.052687	 8.89008 0.301326  1.09979 0.026123  2.05725  1.27012 0.987182
 0.994492 -0.720771 -0.066364  -2.21562 -0.108471   1.85452   -0.0517	 8.77091 0.287797  1.10864 0.031265  2.06469  1.17844 0.986677
   1.0032  -0.72049 -0.065251  -2.21559 -0.106403   1.85566 -0.050713	 8.65297  0.27426  1.11699 0.036268  2.07128  1.08733 0.985828
   1.0118 -0.720222  -0.06413  -2.21555 -0.104329    1.8567 -0.049728	 8.53625 0.260721  1.12482  0.04113  2.07704 0.996809 0.984644
  1.02028 -0.719968 -0.063002  -2.21551 -0.102249   1.85765 -0.048744	 8.42076  0.24719  1.13215 0.045851  2.08199 0.906923 0.983134
  1.02864 -0.719728 -0.061866  -2.21546 -0.100165   1.85851 -0.047762	 8.30649 0.233673  1.13898 0.050429  2.08613  0.81771 0.981307
  1.03689 -0.719501 -0.060724  -2.21541 -0.098077   1.85929 -0.046782	 8.19343 0.220179   1.1453 0.054863  2.08948 0.729205 0.979172
  1.04503 -0.719288 -0.059576  -2.21535 -0.095987   1.85997 -0.045804	  8.0816 0.206714  1.15113 0.059153  2.09205 0.641443  0.97674
  1.05306 -0.719088 -0.058422  -2.21529 -0.093894   1.86057 -0.044829	 7.97096 0.193287  1.15646 0.063298  2.09386 0.554456 0.974018
  1.06097 -0.718901 -0.057264  -2.21522 -0.091799   1.86108 -0.043856	 7.86154 0.179904  1.16131 0.067299  2.09491 0.468275 0.971015
  1.06878 -0.718728   -0.0561  -2.21515 -0.089704   1.86151 -0.042887	 7.75331 0.166571  1.16566 0.071155  2.09522  0.38293 0.967742
  1.07648 -0.718568 -0.054933  -2.21508 -0.087609   1.86185 -0.041921	 7.64628 0.153296  1.16954 0.074866   2.0948 0.298451 0.964205
  1.08407 -0.718421 -0.053761    -2.215 -0.085515    1.8621 -0.040958	 7.54044 0.140086  1.17295 0.078432  2.09368 0.214863 0.960414
  1.09156 -0.718287 -0.052587  -2.21492 -0.083423   1.86228     -0.04	 7.43579 0.126945  1.17588 0.081855  2.09185 0.132193 0.956378
  1.09894 -0.718167  -0.05141  -2.21484 -0.081332   1.86237 -0.039046	 7.33231  0.11388  1.17834 0.085133  2.08934 0.050465 0.952105
  1.10623  -0.71806 -0.050231  -2.21475 -0.079244   1.86238 -0.038096	     7.23  0.100898   1.18035  0.088268   2.08616 -0.030299  0.947604
   1.1134 -0.717965  -0.04905  -2.21466  -0.07716   1.86231 -0.037151	  7.12887  0.088003    1.1819  0.091262   2.08233 -0.110077  0.942882
  1.12048 -0.717883 -0.047867  -2.21457  -0.07508   1.86216  -0.03621	  7.02889  0.075202     1.183  0.094114   2.07786 -0.188848  0.937947
  1.12746 -0.717815 -0.046684  -2.21448 -0.073005   1.86193 -0.035275	  6.93006  0.062499   1.18366  0.096825   2.07275 -0.266593  0.932808
  1.13434 -0.717758   -0.0455  -2.21438 -0.070935   1.86163 -0.034345	  6.83239    0.0499   1.18388  0.099397   2.06704 -0.343295  0.927473
  1.14113 -0.717715 -0.044316  -2.21428 -0.068871   1.86125  -0.03342	  6.73585   0.03741   1.18367  0.101831   2.06073 -0.418938  0.921949
  1.14782 -0.717683 -0.043133  -2.21417 -0.066814   1.86079 -0.032501	  6.64044  0.025032   1.18304  0.104129   2.05384 -0.493505  0.916243
  1.15441 -0.717664 -0.041951  -2.21407 -0.064764   1.86026 -0.031588	  6.54616  0.012773     1.182  0.106291   2.04637 -0.566982  0.910364
  1.16091 -0.717658 -0.040769  -2.21396 -0.062721   1.85966  -0.03068	    6.453  0.000635   1.18054   0.10832   2.03835 -0.639357  0.904317
  1.16732 -0.717663  -0.03959  -2.21385 -0.060687   1.85898 -0.029779	  6.36095 -0.011376   1.17869  0.110217    2.0298 -0.710617  0.898112
  1.17363  -0.71768 -0.038412  -2.21374 -0.058662   1.85824 -0.028884	     6.27 -0.023257   1.17644  0.111983   2.02071 -0.780751  0.891753
  1.17986 -0.717709 -0.037237  -2.21363 -0.056646   1.85742 -0.027996	  6.18014 -0.035004    1.1738  0.113621   2.01112 -0.849749  0.885249
  1.18599  -0.71775 -0.036065  -2.21351  -0.05464   1.85654 -0.027114	  6.09137 -0.046614   1.17079  0.115133   2.00102 -0.917603  0.878606
  1.19204 -0.717803 -0.034896   -2.2134 -0.052645   1.85559 -0.026239	  6.00368 -0.058083    1.1674  0.116519   1.99045 -0.984304   0.87183
    1.198 -0.717866  -0.03373  -2.21328  -0.05066   1.85457  -0.02537	  5.91707 -0.069408   1.16365  0.117783    1.9794  -1.04984  0.864929
  1.20388 -0.717941 -0.032569  -2.21316 -0.048686   1.85349 -0.024509	  5.83151 -0.080586   1.15954  0.118927    1.9679  -1.11422  0.857907
  1.20966 -0.718027 -0.031411  -2.21304 -0.046724   1.85234 -0.023654	  5.74701 -0.091614   1.15508  0.119951   1.95596  -1.17742  0.850771
  1.21537 -0.718124 -0.030259  -2.21292 -0.044774   1.85113 -0.022807	  5.66355 -0.102489   1.15028   0.12086   1.94359  -1.23945  0.843527
  1.22099 -0.718232 -0.029111   -2.2128 -0.042837   1.84987 -0.021967	 5.58113 -0.11321  1.14515 0.121654  1.93081  -1.3003 0.836181
  1.22653 -0.718351 -0.027969  -2.21268 -0.040913   1.84854 -0.021135	  5.49974 -0.123772    1.1397  0.122337   1.91762  -1.35997  0.828738
  1.23199  -0.71848 -0.026832  -2.21256 -0.039002   1.84715  -0.02031	  5.41937 -0.134175   1.13393   0.12291   1.90405  -1.41846  0.821204
  1.23737 -0.718619 -0.025701  -2.21243 -0.037105    1.8457 -0.019493	  5.34002 -0.144417   1.12785  0.123375    1.8901  -1.47575  0.813584
  1.24267 -0.718768 -0.024576  -2.21231 -0.035222    1.8442 -0.018683	  5.26166 -0.154494   1.12147  0.123736    1.8758  -1.53187  0.805884
  1.24789 -0.718928 -0.023458  -2.21219 -0.033354   1.84264 -0.017881	   5.1843 -0.164406   1.11479  0.123995   1.86114  -1.58679  0.798108
  1.25304 -0.719097 -0.022347  -2.21206   -0.0315   1.84102 -0.017087	  5.10792 -0.174152   1.10784  0.124154   1.84615  -1.64054  0.790262
  1.25811 -0.719276 -0.021243  -2.21194 -0.029662   1.83936   -0.0163	  5.03252 -0.183729    1.1006  0.124215   1.83083   -1.6931   0.78235
  1.26311 -0.719464 -0.020146  -2.21181 -0.027839   1.83764 -0.015522	  4.95809 -0.193136    1.0931  0.124181   1.81521  -1.74448  0.774376
  1.26803 -0.719662 -0.019057  -2.21169 -0.026032   1.83587 -0.014752	  4.88462 -0.202373   1.08534  0.124054   1.79929  -1.79468  0.766345
  1.27288 -0.719869 -0.017975  -2.21157  -0.02424   1.83405 -0.013989	   4.8121 -0.211437   1.07733  0.123837   1.78307   -1.8437  0.758263
  1.27765 -0.720085 -0.016902  -2.21144 -0.022466   1.83218 -0.013235	 4.74052 -0.22033  1.06907 0.123533  1.76659 -1.89156 0.750132
  1.28236 -0.720309 -0.015837  -2.21132 -0.020707   1.83027 -0.012489	  4.66987 -0.229048   1.06058  0.123143   1.74984  -1.93824  0.741956
  1.28699 -0.720543 -0.014781   -2.2112 -0.018966   1.82831 -0.011751	  4.60014 -0.237593   1.05186  0.122671   1.73284  -1.98377  0.733741
  1.29156 -0.720785 -0.013734  -2.21107 -0.017242    1.8263 -0.011021	  4.53133 -0.245963   1.04291  0.122119    1.7156  -2.02813  0.725489
  1.29606 -0.721035 -0.012695  -2.21095 -0.015535   1.82425   -0.0103	  4.46343 -0.254157   1.03376  0.121489   1.69813  -2.07135  0.717205
  1.30049 -0.721293 -0.011666  -2.21083 -0.013846   1.82216 -0.009587	  4.39642 -0.262177    1.0244  0.120785   1.68045  -2.11342  0.708892
  1.30485 -0.721559 -0.010647  -2.21071 -0.012174   1.82002 -0.008882	   4.3303 -0.270021   1.01484  0.120007   1.66255  -2.15435  0.700553
  1.30915 -0.721833 -0.009637  -2.21059 -0.010521   1.81785 -0.008186	  4.26506 -0.277689    1.0051   0.11916   1.64446  -2.19415  0.692192
  1.31338 -0.722114 -0.008637  -2.21047 -0.008885   1.81564 -0.007498	  4.20069 -0.285182  0.995172  0.118245   1.62618  -2.23282  0.683812
  1.31755 -0.722403 -0.007646  -2.21035 -0.007268   1.81339 -0.006818	 4.13718  -0.2925 0.985071 0.117265  1.60773 -2.27038 0.675417
  1.32166 -0.722699 -0.006666  -2.21024  -0.00567    1.8111 -0.006147	  4.07452 -0.299642  0.974804  0.116222   1.58911  -2.30683  0.667009
   1.3257 -0.723002 -0.005697  -2.21012  -0.00409   1.80877 -0.005484	  4.0127 -0.30661 0.964376 0.115119  1.57033 -2.34218 0.658591
  1.32968 -0.723312 -0.004738  -2.21001 -0.002529   1.80641  -0.00483	  3.95172 -0.313403  0.953796  0.113958    1.5514  -2.37643  0.650166
   1.3336 -0.723629 -0.003789  -2.20989 -0.000988   1.80402 -0.004184	  3.89157 -0.320022  0.943072  0.112742   1.53234  -2.40961  0.641737
  1.33746 -0.723952 -0.002852  -2.20978  0.000535   1.80159 -0.003546	  3.83223 -0.326468   0.93221  0.111473   1.51315  -2.44171  0.633306
  1.34127 -0.724281 -0.001925  -2.20967  0.002039   1.79914 -0.002917	   3.7737 -0.332741  0.921217  0.110153   1.49384  -2.47275  0.624876
  1.34501 -0.724617 -0.001009  -2.20956  0.003523   1.79665 -0.002297	  3.71597 -0.338842    0.9101  0.108784   1.47443  -2.50273  0.616449
   1.3487 -0.724959 -0.000105  -2.20945  0.004987   1.79413 -0.001684	  3.65903 -0.344772  0.898867   0.10737    1.4549  -2.53167  0.608028
  1.35233 -0.725307  0.000788  -2.20935  0.006432   1.79159  -0.00108	  3.60288 -0.350532  0.887523  0.105912   1.43529  -2.55958  0.599615
  1.35591  -0.72566   0.00167  -2.20924  0.007858   1.78901 -0.000485	  3.54749 -0.356122  0.876075  0.104412   1.41559  -2.58646  0.591211
  1.35943 -0.726019   0.00254  -2.20914  0.009264   1.78641  0.000102	  3.49288 -0.361544  0.864531  0.102873   1.39582  -2.61233   0.58282
  1.36289 -0.726383  0.003399  -2.20904   0.01065   1.78379  0.000681	  3.43901 -0.366798  0.852896  0.101297   1.37598  -2.63719  0.574443
   1.3663 -0.726752  0.004246  -2.20894  0.012016   1.78114  0.001251	   3.3859 -0.371887  0.841177  0.099686   1.35608  -2.66107  0.566083
  1.36966 -0.727127  0.005081  -2.20884  0.013362   1.77847  0.001813	  3.33353 -0.376811   0.82938  0.098042   1.33612  -2.68397   0.55774
  1.37297 -0.727506  0.005905  -2.20874  0.014688   1.77577  0.002366	  3.28189 -0.381571  0.817511  0.096368   1.31612  -2.70589  0.549417
 1.37623 -0.72789 0.006716 -2.20864 0.015994  1.77306 0.002912	  3.23097 -0.386168  0.805577  0.094664   1.29608  -2.72686  0.541115
  1.37943 -0.728278  0.007516  -2.20855   0.01728   1.77032  0.003449	  3.18077 -0.390604  0.793583  0.092934   1.27601  -2.74688  0.532837
  1.38259 -0.728671  0.008304  -2.20846  0.018546   1.76756  0.003977	  3.13127 -0.394881  0.781535   0.09118   1.25592  -2.76597  0.524582
   1.3857 -0.729068  0.009079  -2.20837  0.019792   1.76479  0.004498	 3.08247   -0.399 0.769439 0.089403  1.23581 -2.78414 0.516354
  1.38876 -0.729469  0.009842  -2.20828  0.021017     1.762   0.00501	  3.03437 -0.402962    0.7573  0.087605   1.21569  -2.80139  0.508154
  1.39177 -0.729874  0.010594  -2.20819  0.022223   1.75919  0.005514	  2.98694 -0.406768  0.745124  0.085788   1.19557  -2.81775  0.499983
  1.39473 -0.730282  0.011333  -2.20811  0.023409   1.75636   0.00601	  2.94019 -0.410421  0.732917  0.083954   1.17545  -2.83322  0.491842
  1.39765 -0.730694   0.01206  -2.20803  0.024574   1.75352  0.006498	   2.8941 -0.413922  0.720683  0.082104   1.15534  -2.84782  0.483733
 1.40052 -0.73111 0.012774 -2.20794 0.025719  1.75067 0.006978	  2.84868 -0.417272  0.708428  0.080241   1.13524  -2.86155  0.475656
  1.40335 -0.731529  0.013476  -2.20786  0.026844    1.7478  0.007449	   2.8039 -0.420474  0.696157  0.078366   1.11517  -2.87443  0.467614
  1.40613 -0.731951  0.014166  -2.20779   0.02795   1.74492  0.007913	  2.75977 -0.423529  0.683875  0.076482   1.09512  -2.88647  0.459606
  1.40886 -0.732376  0.014844  -2.20771  0.029035   1.74203  0.008369	  2.71627 -0.426438  0.671587  0.074589   1.07511  -2.89769  0.451635
  1.41156 -0.732803   0.01551  -2.20764    0.0301   1.73912  0.008816	   2.6734 -0.429204  0.659298  0.072689   1.05513  -2.90809    0.4437
  1.41421 -0.733234  0.016163  -2.20757  0.031145   1.73621  0.009256	  2.63114 -0.431827  0.647012  0.070784    1.0352  -2.91769  0.435804
  1.41682 -0.733667  0.016804   -2.2075   0.03217   1.73329  0.009688	   2.5895 -0.434311  0.634734  0.068874   1.01531   -2.9265  0.427947
  1.41939 -0.734103  0.017432  -2.20743  0.033176   1.73036  0.010112	  2.54847 -0.436656  0.622468  0.066963  0.995482  -2.93453   0.42013
 1.42192 -0.73454 0.018049 -2.20736 0.034161  1.72742 0.010528	  2.50803 -0.438865  0.610219  0.065051  0.975711  -2.94179  0.412354
 1.42441 -0.73498 0.018653  -2.2073 0.035127  1.72447 0.010937	  2.46818 -0.440939  0.597991   0.06314  0.956003  -2.94831   0.40462
  1.42686 -0.735422  0.019245  -2.20724  0.036073   1.72152  0.011338	  2.42891 -0.442881  0.585787  0.061231  0.936363  -2.95408  0.396928
  1.42927 -0.735866  0.019824  -2.20718     0.037   1.71857  0.011731	  2.39021 -0.444692  0.573613  0.059325  0.916797  -2.95913  0.389279
  1.43164 -0.736311  0.020392  -2.20712  0.037907   1.71561  0.012116	  2.35209 -0.446373  0.561472  0.057423  0.897309  -2.96346  0.381675
  1.43397 -0.736758  0.020947  -2.20706  0.038795   1.71264  0.012494	  2.31453 -0.447927  0.549368  0.055527  0.877901  -2.96708  0.374115
  1.43627 -0.737207  0.021491  -2.20701  0.039663   1.70967  0.012864	  2.27751 -0.449357  0.537304  0.053639   0.85858  -2.97002    0.3666
  1.43853 -0.737657  0.022022  -2.20695  0.040512    1.7067  0.013227	  2.24105 -0.450663  0.525284  0.051758  0.839349  -2.97227  0.359132
  1.44075 -0.738108  0.022541   -2.2069  0.041341   1.70373  0.013583	  2.20512 -0.451847  0.513312  0.049888  0.820213  -2.97386   0.35171
  1.44294 -0.738561  0.023049  -2.20685  0.042152   1.70075  0.013931	  2.16973 -0.452912  0.501391  0.048027  0.801174  -2.97479  0.344336
  1.44509 -0.739014  0.023544  -2.20681  0.042944   1.69778  0.014271	  2.13486 -0.453859  0.489524  0.046178  0.782237  -2.97508  0.337009
  1.44721 -0.739468  0.024028  -2.20676  0.043717    1.6948  0.014605	  2.10052 -0.454691  0.477715  0.044342  0.763406  -2.97474   0.32973
  1.44929 -0.739923  0.024499  -2.20672  0.044471   1.69183  0.014931	  2.06668 -0.455409  0.465967  0.042519  0.744684  -2.97377  0.322501
  1.45134 -0.740379   0.02496  -2.20668  0.045206   1.68886   0.01525	  2.03335 -0.456015  0.454283  0.040711  0.726074  -2.97221  0.315321
  1.45336 -0.740835  0.025408  -2.20664  0.045923   1.68589  0.015562	  2.00052 -0.456512  0.442665  0.038918  0.707579  -2.97004   0.30819
  1.45534 -0.741292  0.025845   -2.2066  0.046621   1.68292  0.015866	 1.96818  -0.4569 0.431117 0.037142 0.689203 -2.96729  0.30111
  1.45729 -0.741749   0.02627  -2.20656  0.047301   1.67995  0.016164	  1.93632 -0.457183   0.41964  0.035383   0.67095  -2.96397   0.29408
  1.45921 -0.742206  0.026684  -2.20653  0.047963   1.67699  0.016455	  1.90495 -0.457361  0.408239  0.033641  0.652822  -2.96009  0.287102
   1.4611 -0.742664  0.027087  -2.20649  0.048607   1.67403  0.016738	  1.87405 -0.457438  0.396916  0.031918  0.634821  -2.95566  0.280176
  1.46296 -0.743121  0.027478  -2.20646  0.049233   1.67108  0.017015	  1.84361 -0.457414  0.385672  0.030215  0.616952  -2.95069  0.273301
  1.46479 -0.743579  0.027858  -2.20643  0.049841   1.66813  0.017285	  1.81364 -0.457292   0.37451  0.028532  0.599215   -2.9452  0.266478
  1.46659 -0.744036  0.028227  -2.20641  0.050432   1.66519  0.017548	  1.78412 -0.457073  0.363434  0.026869  0.581615  -2.93919  0.259709
  1.46836 -0.744493  0.028585  -2.20638  0.051004   1.66225  0.017804	 1.75505 -0.45676 0.352443 0.025228 0.564154 -2.93268 0.252992
   1.4701 -0.744949  0.028932  -2.20636   0.05156   1.65932  0.018054	  1.72642 -0.456354  0.341542  0.023609  0.546833  -2.92567  0.246329
  1.47181 -0.745405  0.029268  -2.20633  0.052098    1.6564  0.018297	  1.69823 -0.455858  0.330732  0.022012  0.529656  -2.91819   0.23972
   1.4735 -0.745861  0.029594  -2.20631  0.052619   1.65349  0.018533	  1.67047 -0.455272  0.320015  0.020439  0.512625  -2.91023  0.233164
  1.47515 -0.746316  0.029908  -2.20629  0.053124   1.65058  0.018763	  1.64314 -0.454601  0.309392  0.018889  0.495741  -2.90182  0.226663
 1.47678 -0.74677 0.030213 -2.20628 0.053611  1.64768 0.018987	  1.61622 -0.453843  0.298866  0.017363  0.479008  -2.89295  0.220217
  1.47839 -0.747223  0.030506  -2.20626  0.054082    1.6448  0.019204	  1.58971 -0.453003  0.288438  0.015862  0.462426  -2.88365  0.213826
  1.47996 -0.747676  0.030789  -2.20624  0.054536   1.64192  0.019415	  1.56362 -0.452081   0.27811  0.014385  0.445998  -2.87393  0.207489
  1.48151 -0.748128  0.031062  -2.20623  0.054974   1.63905  0.019619	 1.53792 -0.45108 0.267883 0.012933 0.429726 -2.86378 0.201209
  1.48304 -0.748578  0.031325  -2.20622  0.055395   1.63619  0.019817	  1.51262 -0.450001  0.257759  0.011507   0.41361  -2.85323  0.194983
  1.48454 -0.749027  0.031578  -2.20621  0.055801   1.63334  0.020009	  1.48772 -0.448846   0.24774  0.010108  0.397654  -2.84228  0.188814
  1.48601 -0.749476  0.031821   -2.2062  0.056191    1.6305  0.020195	  1.46319 -0.447616  0.237826  0.008734  0.381859  -2.83095  0.182701
  1.48747 -0.749923  0.032054  -2.20619  0.056565   1.62768  0.020374	  1.43905 -0.446315  0.228019  0.007386  0.366226  -2.81925  0.176645
  1.48889 -0.750368  0.032277  -2.20618  0.056923   1.62487  0.020548	  1.41528 -0.444943   0.21832  0.006066  0.350756  -2.80718  0.170645
   1.4903 -0.750812   0.03249  -2.20618  0.057266   1.62207  0.020716	  1.39189 -0.443501   0.20873  0.004772  0.335452  -2.79475  0.164702
  1.49168 -0.751255  0.032694  -2.20617  0.057594   1.61928  0.020877	  1.36886 -0.441993   0.19925  0.003505  0.320313  -2.78198  0.158816
  1.49303 -0.751696  0.032889  -2.20617  0.057907    1.6165  0.021033	 1.34618 -0.44042 0.189881 0.002265 0.305342 -2.76887 0.152987
  1.49437 -0.752136  0.033074  -2.20617  0.058205   1.61374  0.021183	  1.32386 -0.438782  0.180625  0.001053   0.29054  -2.75543  0.147215
  1.49568 -0.752574   0.03325  -2.20617  0.058488   1.61099  0.021328	  1.30189 -0.437083  0.171481 -0.000132  0.275907  -2.74168  0.141502
 1.49697 -0.75301 0.033417 -2.20617 0.058757  1.60826 0.021467	  1.28027 -0.435323  0.162452  -0.00129  0.261444  -2.72763  0.135846
  1.49824 -0.753445  0.033575  -2.20617  0.059011   1.60553    0.0216	  1.25898 -0.433504  0.153536 -0.002419  0.247153  -2.71327  0.130248
  1.49949 -0.753877  0.033724  -2.20617  0.059251   1.60283  0.021727	  1.23803 -0.431628  0.144736 -0.003522  0.233035  -2.69863  0.124708
  1.50072 -0.754308  0.033865  -2.20618  0.059477   1.60014  0.021849	  1.21741 -0.429697  0.136051 -0.004596  0.219089   -2.6837  0.119226
  1.50193 -0.754736  0.033997  -2.20618   0.05969   1.59746  0.021966	  1.19711 -0.427712  0.127482 -0.005643  0.205318  -2.66851  0.113803
  1.50311 -0.755163   0.03412  -2.20619  0.059888    1.5948  0.022077	  1.17714 -0.425675   0.11903 -0.006663  0.191721  -2.65306  0.108438
  1.50428 -0.755588  0.034235   -2.2062  0.060073   1.59216  0.022182	  1.15748 -0.423587  0.110695 -0.007655  0.178299  -2.63735  0.103132
 1.50543 -0.75601 0.034341  -2.2062 0.060245  1.58953 0.022283	  1.13813 -0.421449  0.102478 -0.008619  0.165053   -2.6214  0.097884
  1.50656 -0.756431   0.03444  -2.20621  0.060403   1.58691  0.022378	  1.11909 -0.419264  0.094378 -0.009555  0.151983  -2.60521  0.092696
  1.50767 -0.756849   0.03453  -2.20622  0.060549   1.58432  0.022468	  1.10034 -0.417034  0.086396 -0.010465  0.139089   -2.5888  0.087566
  1.50876 -0.757265  0.034613  -2.20623  0.060682   1.58174  0.022553	   1.0819 -0.414758  0.078533 -0.011347  0.126372  -2.57217  0.082496
  1.50983 -0.757678  0.034687  -2.20625  0.060802   1.57917  0.022633	  1.06376 -0.412439  0.070788 -0.012202  0.113832  -2.55532  0.077485
 1.51089 -0.75809 0.034754 -2.20626 0.060909  1.57663 0.022708	   1.0459 -0.410078  0.063161 -0.013031   0.10147  -2.53828  0.072533
  1.51192 -0.758498  0.034814  -2.20627  0.061005    1.5741  0.022779	  1.02832 -0.407678  0.055653 -0.013832  0.089285  -2.52104  0.067641
  1.51294 -0.758905  0.034866  -2.20629  0.061088   1.57158  0.022844	  1.01103 -0.405238  0.048264 -0.014607  0.077278  -2.50361  0.062808
  1.51395 -0.759309   0.03491   -2.2063  0.061159   1.56909  0.022904	 0.994015 -0.402761  0.040993 -0.015355  0.065449  -2.48601  0.058034
 1.51493 -0.75971 0.034948 -2.20632 0.061219  1.56661  0.02296	 0.977272 -0.400248   0.03384 -0.016078  0.053797  -2.46824  0.053319
   1.5159 -0.760109  0.034978  -2.20633  0.061267   1.56415  0.023011	 0.960798   -0.3977  0.026807 -0.016774  0.042324   -2.4503  0.048665
  1.51685 -0.760506  0.035001  -2.20635  0.061304   1.56171  0.023057	 0.944588 -0.395119  0.019891 -0.017445  0.031028   -2.4322  0.044069
 1.51779  -0.7609 0.035018 -2.20637 0.061329  1.55929 0.023099	  0.92864 -0.392506  0.013093  -0.01809  0.019909  -2.41396  0.039534
  1.51871 -0.761291  0.035028  -2.20639  0.061344   1.55688  0.023136	 0.912948 -0.389863  0.006413  -0.01871  0.008968  -2.39558  0.035058
  1.51961 -0.761679  0.035031  -2.20641  0.061347    1.5545  0.023169	  0.89751 -0.387189  -0.00015 -0.019304 -0.001796  -2.37706  0.030642
   1.5205 -0.762065  0.035027  -2.20642   0.06134   1.55213  0.023198	 0.882321 -0.384488 -0.006596 -0.019875 -0.012384  -2.35841  0.026286
  1.52138 -0.762448  0.035018  -2.20644  0.061323   1.54978  0.023222	 0.867377  -0.38176 -0.012924 -0.020421 -0.022795  -2.33965  0.021989
  1.52224 -0.762829  0.035002  -2.20647  0.061295   1.54745  0.023242	 0.852676 -0.379007 -0.019137 -0.020942  -0.03303  -2.32077  0.017752
  1.52309 -0.763206  0.034979  -2.20649  0.061257   1.54514  0.023257	 0.838213 -0.376229 -0.025233  -0.02144 -0.043089  -2.30178  0.013574
  1.52392 -0.763581  0.034951  -2.20651  0.061209   1.54285  0.023269	 0.823985 -0.373427 -0.031214 -0.021914 -0.052973   -2.2827  0.009456
  1.52473 -0.763953  0.034917  -2.20653  0.061151   1.54057  0.023276	 0.809988 -0.370604  -0.03708 -0.022366 -0.062683  -2.26352  0.005398
  1.52554 -0.764322  0.034877  -2.20655  0.061083   1.53832   0.02328	 0.796219  -0.36776 -0.042831 -0.022794 -0.072218  -2.24425  0.001399
  1.52632 -0.764689  0.034831  -2.20658  0.061007   1.53608  0.023279	 0.782674 -0.364896 -0.048468   -0.0232  -0.08158   -2.2249  -0.00254
   1.5271 -0.765052   0.03478   -2.2066   0.06092   1.53387  0.023275	 0.769351 -0.362013 -0.053992 -0.023583 -0.090768  -2.20548  -0.00642
  1.52786 -0.765413  0.034724  -2.20662  0.060825   1.53167  0.023266	 0.756244 -0.359113 -0.059404 -0.023945 -0.099785  -2.18599  -0.01024
 1.52861 -0.76577 0.034661 -2.20665 0.060721   1.5295 0.023254	 0.743352 -0.356196 -0.064703 -0.024285  -0.10863  -2.16643 -0.014001
  1.52935 -0.766125  0.034594  -2.20667  0.060608   1.52734  0.023238	 0.730671 -0.353264 -0.069891 -0.024604 -0.117305  -2.14682 -0.017703
  1.53008 -0.766477  0.034522   -2.2067  0.060486    1.5252  0.023219	 0.718198 -0.350318 -0.074968 -0.024903 -0.125809  -2.12716 -0.021346
  1.53079 -0.766826  0.034444  -2.20672  0.060356   1.52309  0.023196	  0.70593 -0.347358 -0.079935 -0.025181 -0.134144  -2.10745  -0.02493
  1.53149 -0.767171  0.034362  -2.20675  0.060218   1.52099  0.023169	 0.693863 -0.344386 -0.084793 -0.025439 -0.142311   -2.0877 -0.028455
  1.53218 -0.767514  0.034275  -2.20677  0.060072   1.51891  0.023139	 0.681993 -0.341403 -0.089542 -0.025677  -0.15031  -2.06791 -0.031921
  1.53285 -0.767854  0.034183   -2.2068  0.059918   1.51685  0.023105	  0.67032  -0.33841 -0.094184 -0.025896 -0.158143   -2.0481 -0.035329
  1.53352 -0.768191  0.034086  -2.20682  0.059756   1.51482  0.023068	 0.658839 -0.335407 -0.098718 -0.026096 -0.165811  -2.02826 -0.038678
  1.53417 -0.768525  0.033986  -2.20685  0.059586    1.5128  0.023028	 0.647547 -0.332396 -0.103147 -0.026278 -0.173313   -2.0084 -0.041969
  1.53481 -0.768856   0.03388  -2.20688  0.059409    1.5108  0.022984	 0.636442 -0.329377  -0.10747 -0.026441 -0.180653  -1.98853 -0.045202
  1.53544 -0.769184  0.033771   -2.2069  0.059225   1.50882  0.022938	  0.62552 -0.326351 -0.111689 -0.026586 -0.187829  -1.96864 -0.048377
  1.53606 -0.769509  0.033657  -2.20693  0.059034   1.50686  0.022888	 0.614779  -0.32332 -0.115805 -0.026715 -0.194845  -1.94876 -0.051493
 1.53667 -0.76983 0.033539 -2.20696 0.058835  1.50492 0.022835	 0.604216 -0.320284 -0.119818 -0.026826 -0.201699  -1.92887 -0.054553
  1.53727 -0.770149  0.033417  -2.20698   0.05863     1.503  0.022779	 0.593828 -0.317243 -0.123729 -0.026921 -0.208395  -1.90899 -0.057555
  1.53786 -0.770465  0.033292  -2.20701  0.058419    1.5011   0.02272	 0.583612   -0.3142  -0.12754 -0.026999 -0.214933  -1.88912   -0.0605
  1.53844 -0.770778  0.033162  -2.20704    0.0582   1.49923  0.022658	 0.573565 -0.311154 -0.131251 -0.027062 -0.221313  -1.86926 -0.063387
  1.53901 -0.771087  0.033029  -2.20707  0.057976   1.49737  0.022593	 0.563686 -0.308107 -0.134863 -0.027109 -0.227538  -1.84942 -0.066218
  1.53957 -0.771394  0.032893  -2.20709  0.057745   1.49553  0.022525	 0.553972 -0.305058 -0.138377 -0.027141 -0.233609   -1.8296 -0.068993
  1.54011 -0.771697  0.032753  -2.20712  0.057509   1.49371  0.022455	 0.544419  -0.30201 -0.141794 -0.027159 -0.239526   -1.8098 -0.071711
  1.54066 -0.771998  0.032609  -2.20715  0.057266   1.49191  0.022382	 0.535025 -0.298962 -0.145115 -0.027162 -0.245291  -1.79004 -0.074372
  1.54119 -0.772295  0.032462  -2.20717  0.057018   1.49013  0.022306	 0.525788 -0.295916 -0.148342 -0.027151 -0.250906  -1.77031 -0.076978
 1.54171 -0.77259 0.032312  -2.2072 0.056765  1.48837 0.022228	 0.516706 -0.292872 -0.151475 -0.027127 -0.256371  -1.75062 -0.079529
  1.54222 -0.772881  0.032159  -2.20723  0.056506   1.48663  0.022147	 0.507775 -0.289831 -0.154515 -0.027089 -0.261688  -1.73097 -0.082024
  1.54272 -0.773169  0.032003  -2.20725  0.056241    1.4849  0.022064	 0.498994 -0.286793 -0.157463 -0.027039 -0.266858  -1.71137 -0.084464
  1.54322 -0.773455  0.031845  -2.20728  0.055972    1.4832  0.021978	 0.490361 -0.283759  -0.16032 -0.026976 -0.271884  -1.69181  -0.08685
   1.5437 -0.773737  0.031683  -2.20731  0.055698   1.48152   0.02189	 0.473525 -0.277706 -0.165767 -0.026815 -0.281503  -1.65287 -0.091458
  1.54418 -0.774016  0.031518  -2.20734  0.055419   1.47986    0.0218	 0.473525 -0.277706 -0.165767 -0.026815 -0.281503  -1.65287 -0.091458
  1.54465 -0.774292  0.031351  -2.20736  0.055135   1.47822  0.021707	 0.465644 -0.274767  -0.16833 -0.026715 -0.286067  -1.63395 -0.093669
  1.54511 -0.774566  0.031182  -2.20739  0.054847   1.47659  0.021613	 0.457575 -0.271756 -0.170834 -0.026606 -0.290525  -1.61463 -0.095839
  1.54557 -0.774836   0.03101  -2.20742  0.054554   1.47498  0.021516	  0.44963  -0.26875 -0.173253 -0.026487 -0.294841  -1.59536 -0.097953
  1.54601 -0.775103  0.030835  -2.20744  0.054257    1.4734  0.021417	 0.441817 -0.265752 -0.175587 -0.026358  -0.29902  -1.57615 -0.100015
  1.54645 -0.775367  0.030659  -2.20747  0.053956   1.47183  0.021316	 0.434137 -0.262762 -0.177839 -0.026219 -0.303064  -1.55703 -0.102025
  1.54688 -0.775629   0.03048   -2.2075  0.053651   1.47029  0.021213	 0.426586 -0.259782 -0.180008  -0.02607 -0.306974  -1.53797 -0.103983
   1.5473 -0.775887  0.030299  -2.20752  0.053342   1.46876  0.021108	 0.419163 -0.256811 -0.182096 -0.025912 -0.310752  -1.51899 -0.105889
  1.54772 -0.776142  0.030116  -2.20755  0.053029   1.46725  0.021001	 0.411866 -0.253849 -0.184105 -0.025745   -0.3144  -1.50009 -0.107744
  1.54813 -0.776395  0.029931  -2.20757  0.052713   1.46576  0.020892	 0.404692 -0.250898 -0.186035 -0.025569 -0.317918  -1.48128 -0.109548
  1.54853 -0.776644  0.029744   -2.2076  0.052394   1.46429  0.020782	  0.39764 -0.247958 -0.187887 -0.025385 -0.321308  -1.46255 -0.111302
  1.54892 -0.776891  0.029555  -2.20762  0.052071   1.46283   0.02067	 0.390707 -0.245029 -0.189663 -0.025194 -0.324572  -1.44391 -0.113005
  1.54931 -0.777134  0.029364  -2.20765  0.051745    1.4614  0.020556	 0.383892 -0.242113 -0.191363 -0.024994 -0.327711  -1.42536 -0.114658
  1.54969 -0.777375  0.029172  -2.20767  0.051415   1.45998   0.02044	 0.377193 -0.239208 -0.192989 -0.024788 -0.330728   -1.4069 -0.116263
  1.55006 -0.777613  0.028978   -2.2077  0.051083   1.45858  0.020323	 0.370608 -0.236316 -0.194542 -0.024574 -0.333622  -1.38854 -0.117818
  1.55043 -0.777847  0.028783  -2.20772  0.050748    1.4572  0.020205	 0.364135 -0.233437 -0.196022 -0.024354 -0.336397  -1.37027 -0.119325
  1.55079 -0.778079  0.028586  -2.20775   0.05041   1.45584  0.020085	 0.357772 -0.230572 -0.197431 -0.024127 -0.339053  -1.35211 -0.120784
  1.55115 -0.778309  0.028388  -2.20777   0.05007    1.4545  0.019963	 0.351517 -0.227721 -0.198771 -0.023895 -0.341592  -1.33404 -0.122195
  1.55149 -0.778535  0.028189  -2.20779  0.049727   1.45317   0.01984	  0.34537 -0.224884 -0.200041 -0.023657 -0.344015  -1.31608  -0.12356
  1.55184 -0.778758  0.027988  -2.20782  0.049382   1.45187  0.019716	 0.339326 -0.222062 -0.201244 -0.023413 -0.346325  -1.29823 -0.124877
  1.55217 -0.778979  0.027786  -2.20784  0.049035   1.45058  0.019591	 0.333387 -0.219254  -0.20238 -0.023164 -0.348522  -1.28048 -0.126147
   1.5525 -0.779197  0.027583  -2.20786  0.048685   1.44931  0.019464	 0.327548 -0.216462  -0.20345  -0.02291 -0.350608  -1.26284 -0.127372
  1.55283 -0.779412   0.02738  -2.20789  0.048334   1.44805  0.019336	  0.32181 -0.213686 -0.204456 -0.022651 -0.352586  -1.24531 -0.128552
  1.55315 -0.779624  0.027175  -2.20791   0.04798   1.44682  0.019207	 0.316169 -0.210926 -0.205398 -0.022388 -0.354456   -1.2279 -0.129687
  1.55346 -0.779834  0.026969  -2.20793  0.047625    1.4456  0.019077	 0.310626 -0.208181 -0.206278  -0.02212 -0.356219   -1.2106 -0.130777
  1.55377 -0.780041  0.026762  -2.20795  0.047268   1.44439  0.018945	 0.305177 -0.205454 -0.207097 -0.021849 -0.357878  -1.19341 -0.131823
  1.55407 -0.780245  0.026555  -2.20797  0.046909   1.44321  0.018813	 0.299822 -0.202743 -0.207855 -0.021574 -0.359434  -1.17634 -0.132826
  1.55437 -0.780446  0.026346    -2.208  0.046549   1.44204   0.01868	 0.294558 -0.200049 -0.208555 -0.021296 -0.360889  -1.15939 -0.133785
  1.55466 -0.780645  0.026138  -2.20802  0.046187   1.44089  0.018545	 0.289385 -0.197373 -0.209196 -0.021015 -0.362243  -1.14256 -0.134701
  1.55495 -0.780841  0.025928  -2.20804  0.045824   1.43976   0.01841	 0.284301 -0.194715  -0.20978 -0.020731   -0.3635  -1.12585 -0.135576
  1.55523 -0.781034  0.025718  -2.20806   0.04546   1.43864  0.018274	 0.279304 -0.192074 -0.210308 -0.020443  -0.36466  -1.10926 -0.136409
  1.55551 -0.781225  0.025507  -2.20808  0.045095   1.43754  0.018137	 0.274393 -0.189451 -0.210781 -0.020154 -0.365724   -1.0928   -0.1372
  1.55578 -0.781413  0.025296   -2.2081  0.044729   1.43645     0.018	 0.269567 -0.186847   -0.2112 -0.019862 -0.366695  -1.07646 -0.137951
  1.55604 -0.781599  0.025085  -2.20812  0.044362   1.43538  0.017862	 0.264823 -0.184261 -0.211566 -0.019569 -0.367574  -1.06025 -0.138662
  1.55631 -0.781782  0.024873  -2.20814  0.043994   1.43433  0.017723	 0.260162 -0.181694  -0.21188 -0.019273 -0.368362  -1.04416 -0.139333
  1.55656 -0.781962  0.024661  -2.20816  0.043625    1.4333  0.017583	 0.255581 -0.179145 -0.212143 -0.018976 -0.369061   -1.0282 -0.139965
 1.55682 -0.78214 0.024449 -2.20818 0.043256  1.43228 0.017443	 0.251079 -0.176616 -0.212356 -0.018677 -0.369673  -1.01237 -0.140558
  1.55707 -0.782315  0.024237  -2.20819  0.042886   1.43127  0.017302	 0.246655 -0.174106  -0.21252 -0.018376 -0.370199 -0.996671 -0.141113
  1.55731 -0.782488  0.024024  -2.20821  0.042515   1.43028  0.017161	 0.242306 -0.171616 -0.212637 -0.018075  -0.37064   -0.9811  -0.14163
  1.55755 -0.782659  0.023811  -2.20823  0.042145   1.42931  0.017019	 0.238034 -0.169145 -0.212706 -0.017773 -0.370999 -0.965661 -0.142111
  1.55779 -0.782826  0.023599  -2.20825  0.041773   1.42835  0.016876	 0.233835 -0.166694  -0.21273 -0.017471 -0.371275 -0.950353 -0.142554
  1.55802 -0.782992  0.023386  -2.20827  0.041402   1.42741  0.016734	 0.229709 -0.164262 -0.212708 -0.017167 -0.371473 -0.935177 -0.142962
  1.55825 -0.783155  0.023173  -2.20828  0.041031   1.42648   0.01659	 0.225654  -0.16185 -0.212642 -0.016864 -0.371591 -0.920135 -0.143333
  1.55847 -0.783316  0.022961   -2.2083  0.040659   1.42557  0.016447	 0.221669 -0.159459 -0.212533  -0.01656 -0.371632 -0.905226  -0.14367
  1.55869 -0.783474  0.022748  -2.20832  0.040287   1.42467  0.016303	 0.217754 -0.157088 -0.212382 -0.016256 -0.371599 -0.890451 -0.143972
 1.55891 -0.78363 0.022536 -2.20833 0.039916  1.42379 0.016159	 0.213907 -0.154736  -0.21219 -0.015951 -0.371491  -0.87581 -0.144239
  1.55912 -0.783783  0.022324  -2.20835  0.039544   1.42292  0.016015	 0.210126 -0.152406 -0.211958 -0.015648  -0.37131 -0.861304 -0.144474
  1.55933 -0.783935  0.022112  -2.20836  0.039173   1.42206   0.01587	 0.206411 -0.150095 -0.211686 -0.015345 -0.371058 -0.846934 -0.144675
  1.55953 -0.784084  0.021901  -2.20838  0.038802   1.42122  0.015725	  0.20276 -0.147806 -0.211375 -0.015042 -0.370737   -0.8327 -0.144844
 1.55973 -0.78423 0.021689 -2.20839 0.038432   1.4204  0.01558	 0.199173 -0.145537 -0.211027 -0.014739 -0.370347 -0.818601  -0.14498
  1.55993 -0.784375  0.021478  -2.20841  0.038062   1.41959  0.015435	 0.195648 -0.143288 -0.210642 -0.014438  -0.36989 -0.804639 -0.145085
  1.56012 -0.784517  0.021268  -2.20842  0.037692   1.41879   0.01529	 0.192184  -0.14106 -0.210222 -0.014137 -0.369369 -0.790813 -0.145159
  1.56031 -0.784657  0.021058  -2.20844  0.037323   1.41801  0.015145	 0.188781 -0.138853 -0.209766 -0.013838 -0.368783 -0.777123 -0.145203
   1.5605 -0.784795  0.020849  -2.20845  0.036954   1.41724     0.015	 0.185437 -0.136667 -0.209276 -0.013539 -0.368134 -0.763571 -0.145216
 1.56069 -0.78493  0.02064 -2.20846 0.036587  1.41648 0.014855	 0.182151 -0.134502 -0.208753 -0.013242 -0.367424 -0.750155   -0.1452
  1.56087 -0.785064  0.020431  -2.20848   0.03622   1.41573  0.014709	 0.178923 -0.132357 -0.208197 -0.012946 -0.366654 -0.736877 -0.145156
  1.56104 -0.785195  0.020223  -2.20849  0.035853   1.41501  0.014564	 0.175751 -0.130233  -0.20761 -0.012651 -0.365826 -0.723735 -0.145083
  1.56122 -0.785324  0.020016   -2.2085  0.035488   1.41429  0.014419	 0.172634 -0.128131 -0.206992 -0.012358 -0.364941  -0.71073 -0.144982
  1.56139 -0.785451  0.019809  -2.20851  0.035124   1.41358  0.014274	 0.169572 -0.126049 -0.206344 -0.012067 -0.363999 -0.697863 -0.144853
  1.56156 -0.785576  0.019603  -2.20853   0.03476   1.41289   0.01413	 0.166563 -0.123988 -0.205667 -0.011777 -0.363003 -0.685132 -0.144698
  1.56172 -0.785699  0.019398  -2.20854  0.034398   1.41221  0.013985	 0.163607 -0.121948 -0.204961  -0.01149 -0.361954 -0.672537 -0.144516
 1.56188 -0.78582 0.019193 -2.20855 0.034036  1.41155 0.013841	 0.160702 -0.119929 -0.204228 -0.011204 -0.360853  -0.66008 -0.144309
  1.56204 -0.785939  0.018989  -2.20856  0.033676   1.41089  0.013696	 0.157848 -0.117932 -0.203468  -0.01092 -0.359701 -0.647759 -0.144076
   1.5622 -0.786056  0.018786  -2.20857  0.033317   1.41025  0.013552	 0.155044 -0.115955 -0.202682 -0.010638 -0.358499 -0.635575 -0.143819
  1.56235 -0.786171  0.018584  -2.20858  0.032959   1.40962  0.013409	 0.152289 -0.113998  -0.20187 -0.010359  -0.35725 -0.623526 -0.143537
   1.5625 -0.786284  0.018383  -2.20859  0.032602     1.409  0.013265	 0.149583 -0.112063 -0.201034 -0.010081 -0.355954 -0.611614 -0.143231
