 -1.39626 -0.785398         0  -2.18166         0   1.39626        -0	 0 -0 -0  0  0 -0 -0
 -1.39567 -0.785397  0.000126  -2.18166  0.000251   1.39626  0.000134	 1.19067  0.00212 0.251478 0.010505 0.501522  0.00146  0.26876
 -1.39391 -0.785394   0.00049  -2.18164  0.000977   1.39627  0.000524	 2.33323 0.004395 0.477097 0.020262 0.951454 0.004136  0.50989
 -1.39102 -0.785389  0.001068  -2.18162   0.00213   1.39627  0.001141	 3.42916  0.00671 0.678626 0.029397  1.35333 0.007236  0.72528
 -1.38707 -0.785381  0.001836  -2.18158  0.003662   1.39628  0.001962	 4.47987 0.008975 0.857734 0.038009  1.71048 0.010153 0.916711
 -1.38209 -0.785371  0.002773  -2.18154   0.00553   1.39629  0.002964	 5.48676 0.011121  1.01599 0.046176  2.02603 0.012445  1.08586
 -1.37612 -0.785359  0.003858  -2.18149  0.007694    1.3963  0.004124	 6.45118 0.013098  1.15488 0.053954  2.30295 0.013805   1.2343
 -1.36921 -0.785345  0.005074  -2.18143  0.010118   1.39631  0.005423	 7.37444  0.01487  1.27579 0.061388    2.544 0.014035  1.36353
-1.36139 -0.78533 0.006402 -2.18137 0.012766  1.39633 0.006842	 8.25781 0.016414  1.38003 0.068509   2.7518 0.013023  1.47494
 -1.35271 -0.785313  0.007826  -2.18129  0.015606   1.39634  0.008364	 9.10254 0.017718  1.46883 0.075339   2.9288 0.010733  1.56984
  -1.3432 -0.785295  0.009332  -2.18122  0.018609   1.39634  0.009974	 9.90984 0.018778  1.54334 0.081891   3.0773 0.007184  1.64947
 -1.33291 -0.785276  0.010906  -2.18113  0.021747   1.39635  0.011656	 10.6809 0.019595  1.60465 0.088174  3.19948 0.002438  1.71499
 -1.32184 -0.785255  0.012541  -2.18104  0.025008   1.39636  0.013404	 11.4518 0.022603  1.66625 0.091966   3.3217  0.01163  1.78035
 -1.31004 -0.785232  0.014226  -2.18094  0.028366   1.39636  0.015204	 12.1523 0.022825  1.70307 0.097831  3.39508 0.003854  1.81974
-1.29755 -0.78521 0.015942 -2.18084 0.031788  1.39636 0.017038	  12.8199  0.022845   1.72964  0.103429   3.44801 -0.004729   1.84817
 -1.28442 -0.785187  0.017681  -2.18074  0.035253   1.39635  0.018895	  13.4557  0.022681   1.74678  0.108755   3.48216 -0.013973   1.86654
 -1.27066 -0.785165  0.019432  -2.18063  0.038744   1.39633  0.020766	  14.0607  0.022352   1.75529  0.113807   3.49909 -0.023728   1.87569
 -1.25631 -0.785143  0.021187  -2.18051  0.042243    1.3963  0.022642	 14.6358 0.021877  1.75588  0.11858  3.50026 -0.03384  1.87641
  -1.2414 -0.785121   0.02294  -2.18039  0.045737   1.39626  0.024515	  15.1822  0.021277   1.74927  0.123071   3.48707 -0.044163   1.86945
-1.22596  -0.7851 0.024682 -2.18026 0.049211  1.39621 0.026378	  15.7005   0.02057   1.73608  0.127275   3.46078 -0.054555   1.85548
-1.21001 -0.78508 0.026409 -2.18013 0.052652  1.39615 0.028223	  16.1919  0.019778   1.71692  0.131192   3.42262 -0.064882   1.83516
 -1.19359 -0.785061  0.028113     -2.18  0.056051   1.39608  0.030045	  16.6572  0.018917   1.69236  0.134819    3.3737 -0.075018   1.80909
 -1.17671 -0.785042  0.029791  -2.17986  0.059395     1.396  0.031839	  17.0972  0.018007   1.66292  0.138157   3.31508 -0.084849   1.77784
 -1.15941 -0.785025  0.031437  -2.17972  0.062676   1.39591  0.033599	  17.5127  0.017064   1.62911  0.141204   3.24774 -0.094271   1.74194
  -1.1417 -0.785008  0.033047  -2.17958  0.065886   1.39581  0.035321	  17.9047  0.016103   1.59137  0.143964    3.1726 -0.103192   1.70187
 -1.12361 -0.784993  0.034618  -2.17944  0.069018    1.3957     0.037	  18.2738   0.01514   1.55014  0.146439   3.09053 -0.111531   1.65809
 -1.10516 -0.784978  0.036146  -2.17929  0.072064   1.39559  0.038635	  18.6209  0.014187   1.50582  0.148633   3.00231 -0.119219   1.61103
 -1.08638 -0.784964  0.037628  -2.17914   0.07502   1.39546  0.040221	  18.9466  0.013256   1.45878  0.150552    2.9087 -0.126198   1.56109
 -1.06728 -0.784951  0.039062  -2.17899  0.077879   1.39533  0.041756	  19.2518  0.012357   1.40938  0.152199   2.81039 -0.132421   1.50865
 -1.04788 -0.784939  0.040445  -2.17883  0.080638    1.3952  0.043237	  19.537   0.0115  1.35793 0.153583  2.70802 -0.13785  1.45403
 -1.02821 -0.784928  0.041777  -2.17868  0.083293   1.39506  0.044663	 19.8031 0.010693  1.30475  0.15471   2.6022 -0.14246  1.39757
 -1.00829 -0.784918  0.043054  -2.17853  0.085841   1.39491  0.046032	  20.0506  0.009942   1.25009   0.15559   2.49348 -0.146232   1.33955
-0.988111 -0.784909  0.044277  -2.17837  0.088281   1.39477  0.047342	  20.2977  0.008368   1.19617  0.154733   2.38523 -0.148726   1.28167
-0.967708 -0.784901  0.045445  -2.17821  0.090609   1.39462  0.048594	  20.5093   0.00779   1.13909  0.155209   2.27173 -0.150756    1.2211
-0.947101 -0.784893  0.046555  -2.17806  0.092823   1.39447  0.049784	  20.7042  0.007281   1.08129  0.155463    2.1568 -0.151949   1.15976
-0.926307 -0.784886  0.047607   -2.1779  0.094922   1.39431  0.050913	  20.8831  0.006844   1.02297  0.155505   2.04087 -0.152316   1.09788
-0.905342 -0.784879    0.0486  -2.17775  0.096905   1.39416   0.05198	  21.0465  0.006481  0.964328  0.155346   1.92428 -0.151876   1.03564
-0.884222 -0.784873  0.049535  -2.17759   0.09877   1.39401  0.052984	  21.1949  0.006191  0.905532  0.154997    1.8074 -0.150651  0.973237
 -0.86296 -0.784866  0.050411  -2.17744  0.100519   1.39386  0.053926	  21.329 0.005977 0.846743 0.154468  1.69054 -0.14867 0.910834
-0.841571  -0.78486  0.051229  -2.17728  0.102152   1.39371  0.054806	  21.4491  0.005837  0.788108   0.15377     1.574 -0.145964  0.848587
-0.820068 -0.784854  0.051988  -2.17713  0.103668   1.39357  0.055623	  21.5559  0.005771   0.72976  0.152915   1.45803 -0.142568  0.786638
-0.798465 -0.784849  0.052689  -2.17698  0.105068   1.39343  0.056379	 21.6498 0.005776 0.671824 0.151914  1.34289 -0.13852 0.725116
-0.776769 -0.784843  0.053332  -2.17683  0.106353   1.39329  0.057074	  21.7435  0.004528  0.614236  0.149984   1.22796 -0.136429  0.663817
-0.754991 -0.784839  0.053917  -2.17668  0.107525   1.39316  0.057707	  21.8125   0.00474  0.557357  0.148752   1.11495 -0.130966    0.6034
-0.733149 -0.784834  0.054447  -2.17653  0.108584   1.39303  0.058281	  21.8701  0.005013  0.501205  0.147406   1.00338 -0.124991  0.543743
-0.711256 -0.784828   0.05492  -2.17638  0.109532   1.39291  0.058795	  21.9166  0.005345  0.445861  0.145956  0.893422 -0.118548  0.484934
-0.689316 -0.784823  0.055338  -2.17624  0.110371   1.39279  0.059251	   21.963  0.004427  0.390691  0.143852  0.783566 -0.114662  0.426334
 -0.66734 -0.784819  0.055702  -2.17609  0.111101   1.39268  0.059649	  21.9883  0.004934  0.337136  0.142241  0.677181 -0.107161  0.369396
-0.645339 -0.784814  0.056013  -2.17595  0.111725   1.39258   0.05999	  22.0135  0.004218  0.283669  0.140102  0.570839 -0.102411  0.312651
-0.623323 -0.784809  0.056271  -2.17581  0.112245   1.39248  0.060275	  22.0191  0.004878  0.232171  0.138363  0.468551 -0.094057  0.257867
-0.601306 -0.784804  0.056478  -2.17568  0.112664   1.39239  0.060506	  22.0157  0.005573  0.181791  0.136565  0.368486 -0.085484  0.204259
-0.579292 -0.784798  0.056634  -2.17554  0.112982   1.39231  0.060683	  22.0123  0.005112  0.131382  0.134412  0.268392 -0.079829  0.150813
 -0.55729 -0.784793  0.056742  -2.17541  0.113203   1.39223  0.060809	 21.9915 0.005928 0.083349 0.132532 0.172993 -0.07069 0.099666
-0.535313 -0.784786  0.056801  -2.17528  0.113329   1.39217  0.060883	  21.9628  0.006766  0.036538  0.130618  0.080027 -0.061465  0.049806
-0.513368 -0.784779  0.056815  -2.17515  0.113364   1.39211  0.060909	  21.9264   0.00762 -0.009024  0.128679 -0.010459 -0.052194  0.001262
-0.491464 -0.784771  0.056784  -2.17502   0.11331   1.39206  0.060886	  21.8827  0.008488 -0.053321  0.126721 -0.098428  -0.04291 -0.045948
-0.469606 -0.784762  0.056709  -2.17489  0.113168   1.39202  0.060818	   21.832  0.009367 -0.096337  0.124751 -0.183849 -0.033646 -0.091805
-0.447803 -0.784752  0.056592  -2.17477  0.112943     1.392  0.060704	  21.7746  0.010252 -0.138059  0.122775 -0.266699 -0.024434 -0.136297
 -0.42606 -0.784741  0.056434  -2.17465  0.112636   1.39197  0.060546	  21.7107  0.011141 -0.178481  0.120797 -0.346964 -0.015305 -0.179415
-0.404385  -0.78473  0.056236  -2.17453  0.112251   1.39196  0.060345	  21.6407   0.01203 -0.217598  0.118825 -0.424634 -0.006287 -0.221153
-0.382782 -0.784717  0.055999  -2.17441  0.111788   1.39196  0.060104	  21.5648  0.012916 -0.255407  0.116863 -0.499705  0.002594 -0.261509
-0.361258 -0.784704  0.055726  -2.17429  0.111253   1.39197  0.059823	  21.4834  0.013797 -0.291909  0.114914  -0.57218  0.011311 -0.300483
-0.339818 -0.784689  0.055416  -2.17418  0.110645   1.39199  0.059504	  21.3965   0.01467 -0.327109  0.112985 -0.642066  0.019844 -0.338079
-0.318465 -0.784675  0.055071  -2.17407  0.109968   1.39201  0.059147	  21.3099  0.014804 -0.362645  0.111188 -0.712154  0.025682 -0.375662
-0.297203 -0.784659  0.054693  -2.17396  0.109224   1.39204  0.058754	  21.2129  0.015692 -0.395204  0.109296 -0.776815  0.033969 -0.410479
-0.276039 -0.784643  0.054281  -2.17385  0.108415   1.39208  0.058326	   21.116  0.015918  -0.42813  0.107593 -0.841692  0.039673 -0.445308
-0.254976 -0.784627  0.053838  -2.17374  0.107543   1.39212  0.057865	  21.0098  0.016803 -0.458087  0.105751 -0.901204  0.047606 -0.477383
-0.234021  -0.78461  0.053365  -2.17364  0.106613   1.39217  0.057372	  20.8994  0.017664 -0.486792  0.103944 -0.958228  0.055242 -0.508128
-0.213179 -0.784592  0.052865  -2.17353  0.105628   1.39223  0.056849	   20.785  0.018501  -0.51426  0.102177  -1.01279   0.06257 -0.537561
-0.192453 -0.784573  0.052338  -2.17343  0.104589    1.3923  0.056297	  20.6669   0.01931 -0.540506  0.100449  -1.06493  0.069582 -0.565696
-0.171847 -0.784553  0.051785  -2.17333  0.103499   1.39237  0.055718	  20.5452  0.020091  -0.56555  0.098764  -1.11468  0.076267 -0.592553
-0.151364 -0.784532  0.051207  -2.17324  0.102361   1.39245  0.055113	  20.4202  0.020842 -0.589407  0.097121  -1.16208   0.08262  -0.61815
-0.131008 -0.784511  0.050606  -2.17314  0.101176   1.39254  0.054483	  20.2919  0.021563 -0.612098  0.095524  -1.20716  0.088634 -0.642507
-0.110782 -0.784489  0.049984  -2.17304  0.099948   1.39263  0.053829	  20.1607  0.022252 -0.633643  0.093973  -1.24996  0.094306 -0.665646
-0.090689 -0.784467   0.04934  -2.17295  0.098678   1.39272  0.053152	  20.0266  0.022908 -0.654063  0.092468  -1.29053  0.099632 -0.687588
 -0.07073 -0.784443  0.048676  -2.17286  0.097368   1.39283  0.052454	  19.8898  0.023532  -0.67338   0.09101  -1.32891  0.104611 -0.708356
-0.05091 -0.78442 0.047994 -2.17277 0.096021  1.39293 0.051736	  19.7505  0.024121 -0.691614  0.089599  -1.36515  0.109241 -0.727973
-0.031231 -0.784395  0.047293  -2.17268  0.094639   1.39305  0.050999	  19.6089  0.024677 -0.708789  0.088236  -1.39928  0.113525 -0.746462
-0.011694  -0.78437  0.046577  -2.17259  0.093223   1.39316  0.050243	   19.465  0.025198 -0.724927  0.086921  -1.43135  0.117461 -0.763848
 0.007699 -0.784345  0.045843  -2.17251  0.091776   1.39328  0.049471	  19.3214  0.025523 -0.741475  0.086027  -1.46364  0.119727 -0.781354
 0.026947 -0.784319  0.045095  -2.17242  0.090298    1.3934  0.048682	  19.1734  0.025986 -0.755543  0.084786  -1.49163  0.123068  -0.79655
 0.046045 -0.784293  0.044333  -2.17234  0.088794   1.39353  0.047878	  19.0237  0.026412 -0.768648  0.083593  -1.51772  0.126068  -0.81072
 0.064994 -0.784266  0.043558  -2.17225  0.087264   1.39365  0.047061	  18.8724  0.026804 -0.780813  0.082448  -1.54194  0.128732 -0.823887
 0.083789 -0.784239  0.042772  -2.17217  0.085711   1.39378  0.046231	  18.7195   0.02716 -0.792062   0.08135  -1.56434  0.131065 -0.836079
 0.102432 -0.784212  0.041975  -2.17209  0.084136   1.39392  0.045389	  18.5653  0.027481 -0.802418  0.080297  -1.58497  0.133074 -0.847319
 0.120919 -0.784184  0.041167  -2.17201  0.082542   1.39405  0.044537	  18.4097  0.027768 -0.811905   0.07929  -1.60389  0.134766 -0.857633
 0.139251 -0.784156  0.040351  -2.17193  0.080929   1.39419  0.043675	   18.253  0.028021 -0.820547  0.078326  -1.62112  0.136148 -0.867046
 0.157425 -0.784128  0.039527  -2.17185    0.0793   1.39432  0.042803	  18.0952  0.028241 -0.828367  0.077407  -1.63673   0.13723 -0.875584
0.175441  -0.7841 0.038695 -2.17178 0.077657  1.39446 0.041924	  17.9365  0.028428 -0.835389   0.07653  -1.65076  0.138019 -0.883272
 0.193297 -0.784071  0.037857   -2.1717     0.076    1.3946  0.041037	  17.7769  0.028583 -0.841637  0.075693  -1.66325  0.138524 -0.890134
 0.210994 -0.784043  0.037012  -2.17163  0.074331   1.39474  0.040144	  17.6165  0.028706 -0.847134  0.074897  -1.67426  0.138755 -0.896195
  0.22853 -0.784014  0.036163  -2.17155  0.072652   1.39488  0.039245	  17.4555  0.028798 -0.851902  0.074139  -1.68383   0.13872  -0.90148
 0.245905 -0.783985  0.035309  -2.17148  0.070964   1.39501  0.038341	  17.2939  0.028861 -0.855964  0.073419    -1.692  0.138431 -0.906013
 0.263117 -0.783956  0.034451  -2.17141  0.069268   1.39515  0.037434	  17.1318  0.028894 -0.859343  0.072735  -1.69881  0.137896 -0.909818
 0.280168 -0.783927   0.03359  -2.17133  0.067567   1.39529  0.036522	  16.9693  0.028899 -0.862061  0.072086  -1.70433  0.137124 -0.912918
 0.297056 -0.783899  0.032727  -2.17126  0.065861   1.39543  0.035608	  16.8066  0.028876  -0.86414  0.071471  -1.70857  0.136128 -0.915338
0.313781 -0.78387 0.031863 -2.17119  0.06415  1.39556 0.034692	  16.6435  0.028828 -0.865601  0.070888  -1.71159  0.134918   -0.9171
 0.330343 -0.783841  0.030996  -2.17112  0.062437    1.3957  0.033774	  16.4806  0.028917 -0.867344  0.070768  -1.71474  0.132953  -0.91899
 0.346742 -0.783812  0.030129  -2.17105  0.060722   1.39583  0.032855	  16.3173  0.028811 -0.867584  0.070224  -1.71537  0.131369 -0.919458
 0.362978 -0.783783  0.029261  -2.17098  0.059007   1.39596  0.031935	  16.1539  0.028682 -0.867272  0.069709   -1.7149    0.1296 -0.919339
  0.37905 -0.783755  0.028394  -2.17091  0.057293   1.39609  0.031016	  15.9907  0.028531 -0.866428  0.069222  -1.71339  0.127656 -0.918652
 0.394959 -0.783726  0.027529  -2.17084  0.055581   1.39621  0.030098	  15.8275  0.028358 -0.865072  0.068761  -1.71086  0.125547  -0.91742
 0.410705 -0.783698  0.026665  -2.17077  0.053872   1.39634  0.029182	  15.6644  0.028164 -0.863223  0.068325  -1.70736  0.123283 -0.915664
0.426288 -0.78367 0.025803  -2.1707 0.052167  1.39646 0.028267	  15.5016  0.027951 -0.860902  0.067913  -1.70293  0.120874 -0.913404
 0.441708 -0.783642  0.024943  -2.17064  0.050466   1.39658  0.027355	  15.3391  0.027719 -0.858125  0.067523   -1.6976  0.118331 -0.910659
 0.456966 -0.783615  0.024087  -2.17057  0.048772    1.3967  0.026446	  15.1769   0.02747 -0.854912  0.067155   -1.6914  0.115661 -0.907449
 0.472062 -0.783587  0.023233   -2.1705  0.047084   1.39681   0.02554	  15.0152  0.027204  -0.85128  0.066806  -1.68438  0.112876 -0.903795
0.486997 -0.78356 0.022384 -2.17043 0.045404  1.39692 0.024639	  14.8538  0.026922 -0.847247  0.066475  -1.67656  0.109984 -0.899713
  0.50177 -0.783533  0.021539  -2.17037  0.043731   1.39703  0.023741	  14.6929  0.026625  -0.84283  0.066162  -1.66799  0.106994 -0.895223
 0.516383 -0.783507  0.020699   -2.1703  0.042068   1.39714  0.022848	  14.5326  0.026314 -0.838046  0.065865   -1.6587  0.103917 -0.890342
 0.530836 -0.783481  0.019863  -2.17024  0.040414   1.39724  0.021961	  14.3728  0.025991 -0.832913  0.065582  -1.64871  0.100759 -0.885089
 0.545129 -0.783455  0.019033  -2.17017  0.038771   1.39734  0.021079	  14.2136  0.025655 -0.827444  0.065313  -1.63806  0.097531  -0.87948
 0.559263 -0.783429  0.018208  -2.17011  0.037138   1.39743  0.020202	  14.0545  0.025546 -0.822139  0.065448  -1.62747  0.093962 -0.873958
 0.573238 -0.783404  0.017389  -2.17004  0.035517   1.39753  0.019331	  13.8967  0.025178 -0.816014  0.065185  -1.61554  0.090623 -0.867655
 0.587056 -0.783379  0.016576  -2.16998  0.033907   1.39762  0.018466	   13.739   0.02504 -0.810039  0.065315  -1.60365   0.08698 -0.861432
 0.600717 -0.783354   0.01577  -2.16991   0.03231    1.3977  0.017609	  13.5827  0.024645 -0.803324  0.065054  -1.59056  0.083561 -0.854503
0.614222 -0.78333  0.01497 -2.16985 0.030726  1.39778 0.016758	  13.4272  0.024243 -0.796353  0.064803  -1.57697  0.080109 -0.847302
 0.627572 -0.783306  0.014177  -2.16978  0.029156   1.39786  0.015914	  13.2725  0.023834 -0.789139  0.064561   -1.5629  0.076632 -0.839843
 0.640767 -0.783282  0.013392  -2.16972  0.027601   1.39794  0.015078	  13.1187   0.02342 -0.781695  0.064326  -1.54837  0.073136 -0.832139
 0.653809 -0.783259  0.012614  -2.16965  0.026059   1.39801   0.01425	  12.9649  0.023239 -0.774372  0.064457  -1.53388   0.06941 -0.824501
 0.666698 -0.783236  0.011843  -2.16959  0.024533   1.39807  0.013429	  12.8129  0.022805  -0.76648  0.064219  -1.51848  0.065899 -0.816323
 0.679435 -0.783213  0.011081  -2.16952  0.023023   1.39814  0.012617	  12.6618  0.022368 -0.758399  0.063985   -1.5027  0.062389 -0.807942
 0.692022 -0.783191  0.010327  -2.16946  0.021528    1.3982  0.011814	  12.5116  0.021929 -0.750139  0.063757  -1.48656  0.058883 -0.799371
 0.704459 -0.783169  0.009581   -2.1694   0.02005   1.39826  0.011019	  12.3625  0.021488 -0.741712  0.063533   -1.4701  0.055389 -0.790622
 0.716747 -0.783148  0.008843  -2.16933  0.018588   1.39831  0.010232	  12.2143  0.021046 -0.733129  0.063313  -1.45333   0.05191 -0.781707
 0.728888 -0.783127  0.008114  -2.16927  0.017143   1.39836  0.009455	  12.0671  0.020603   -0.7244  0.063095  -1.43627  0.048452 -0.772637
 0.740882 -0.783107  0.007394  -2.16921  0.015716   1.39841  0.008687	   11.921   0.02016 -0.715537  0.062879  -1.41895  0.045019 -0.763422
 0.752731 -0.783087  0.006683  -2.16914  0.014305   1.39845  0.007928	  11.7759  0.019717 -0.706549  0.062664  -1.40138  0.041616 -0.754074
 0.764435 -0.783068  0.005981  -2.16908  0.012913   1.39849  0.007179	  11.6319  0.019275 -0.697446   0.06245  -1.38358  0.038247 -0.744604
 0.775995 -0.783049  0.005289  -2.16902  0.011538   1.39853  0.006439	   11.489  0.018835 -0.688238  0.062236  -1.36557  0.034915 -0.735021
0.787413 -0.78303 0.004605 -2.16896 0.010182  1.39856 0.005709	  11.3472  0.018397 -0.678934  0.062022  -1.34737  0.031625 -0.725334
  0.79869 -0.783012  0.003931   -2.1689  0.008844   1.39859  0.004989	  11.2064  0.017961 -0.669543  0.061806    -1.329  0.028379 -0.715555
 0.809826 -0.782994  0.003266  -2.16883  0.007524   1.39862  0.004278	  11.0668  0.017528 -0.660074   0.06159  -1.31047   0.02518 -0.705691
 0.820824 -0.782977  0.002611  -2.16877  0.006223   1.39864  0.003577	  10.9284  0.017097 -0.650535   0.06137   -1.2918  0.022033  -0.69575
0.831684 -0.78296 0.001965 -2.16871  0.00494  1.39866 0.002887	   10.791   0.01667 -0.640933  0.061149    -1.273  0.018938 -0.685743
 0.842407 -0.782944  0.001329  -2.16865  0.003677   1.39868  0.002206	  10.6548  0.016247 -0.631277  0.060924   -1.2541  0.015899 -0.675677
 0.852994 -0.782927  0.000702  -2.16859  0.002432   1.39869  0.001535	  10.5198  0.015828 -0.621575  0.060697  -1.23511   0.01292  -0.66556
 0.863447 -0.782912   8.6e-05  -2.16853  0.001207   1.39871  0.000875	   10.386  0.015414 -0.611833  0.060465  -1.21603  0.009999 -0.655399
 0.873767 -0.782897 -0.000521  -2.16847         0   1.39871  0.000225	  10.2533  0.015004 -0.602059   0.06023  -1.19689  0.007141 -0.645202
 0.883954 -0.782882 -0.001118  -2.16841 -0.001187   1.39872 -0.000416	  10.1218  0.014599 -0.592259  0.059992  -1.17769  0.004347 -0.634976
 0.894011 -0.782868 -0.001706  -2.16835 -0.002355   1.39872 -0.001045	  9.99151  0.014199  -0.58244  0.059748  -1.15846  0.001619 -0.624728
 0.903938 -0.782854 -0.002283  -2.16829 -0.003504   1.39872 -0.001665	  9.86239  0.013805 -0.572608    0.0595   -1.1392 -0.001043 -0.614464
 0.913736  -0.78284 -0.002851  -2.16823 -0.004634   1.39872 -0.002274	  9.73329  0.013589  -0.56281  0.059495  -1.11993 -0.003784 -0.604217
 0.923405 -0.782826 -0.003409  -2.16817 -0.005744   1.39871 -0.002873	  9.60662  0.013199 -0.552958  0.059225  -1.10063 -0.006305 -0.593929
 0.932949 -0.782813 -0.003957  -2.16811 -0.006835   1.39871 -0.003462	  9.48115  0.012814 -0.543112  0.058951  -1.08133 -0.008756 -0.583644
 0.942368 -0.782801 -0.004495  -2.16805 -0.007906    1.3987 -0.004041	  9.35689  0.012436 -0.533276  0.058671  -1.06206 -0.011137 -0.573369
 0.951664 -0.782789 -0.005023  -2.16799 -0.008959   1.39869 -0.004609	  9.23383  0.012065 -0.523457  0.058387  -1.04281 -0.013446 -0.563108
 0.960837 -0.782777 -0.005542  -2.16794 -0.009992   1.39867 -0.005167	  9.11198  0.011701 -0.513658  0.058097   -1.0236 -0.015683 -0.552868
 0.969888 -0.782765 -0.006051  -2.16788 -0.011006   1.39865 -0.005715	  8.99133  0.011343 -0.503885  0.057802  -1.00444 -0.017847 -0.542652
  0.97882 -0.782754  -0.00655  -2.16782 -0.012001   1.39864 -0.006252	  8.87189  0.010992 -0.494143  0.057503  -0.98534 -0.019939 -0.532465
 0.987633 -0.782743 -0.007039  -2.16776 -0.012977   1.39861  -0.00678	  8.75366  0.010648 -0.484434  0.057197 -0.966301 -0.021959 -0.522313
 0.996328 -0.782733 -0.007519  -2.16771 -0.013934   1.39859 -0.007297	  8.63664  0.010312 -0.474765  0.056886 -0.947336 -0.023906 -0.512198
  1.00491 -0.782723 -0.007989  -2.16765 -0.014872   1.39857 -0.007804	  8.52082  0.009982 -0.465138   0.05657 -0.928451 -0.025781 -0.502126
  1.01337 -0.782713 -0.008449  -2.16759 -0.015791   1.39854 -0.008301	   8.4062   0.00966 -0.455557  0.056248 -0.909654 -0.027584   -0.4921
  1.02172 -0.782703   -0.0089  -2.16754 -0.016691   1.39851 -0.008788	  8.29279  0.009344 -0.446026  0.055922 -0.890952 -0.029314 -0.482124
  1.02996 -0.782694 -0.009341  -2.16748 -0.017573   1.39848 -0.009265	  8.18057  0.009036 -0.436548  0.055589 -0.872353 -0.030974 -0.472202
  1.03808 -0.782685 -0.009773  -2.16743 -0.018436   1.39845 -0.009733	  8.06955  0.008735 -0.427127  0.055251 -0.853862 -0.032563 -0.462337
   1.0461 -0.782677 -0.010195  -2.16737  -0.01928   1.39842  -0.01019	  7.95973  0.008441 -0.417766  0.054908 -0.835485 -0.034081 -0.452532
    1.054 -0.782668 -0.010608  -2.16732 -0.020107   1.39838 -0.010638	  7.85109  0.008155 -0.408467  0.054559 -0.817229 -0.035528 -0.442791
   1.0618  -0.78266 -0.011012  -2.16726 -0.020915   1.39834 -0.011076	  7.74364  0.007875 -0.399234  0.054206 -0.799099 -0.036908 -0.433116
  1.06949 -0.782653 -0.011407  -2.16721 -0.021705   1.39831 -0.011504	  7.63737  0.007603 -0.390069  0.053846 -0.781099 -0.038219 -0.423509
  1.07707 -0.782645 -0.011792  -2.16715 -0.022477   1.39827 -0.011923	  7.53228  0.007338 -0.380975  0.053482 -0.763236 -0.039463 -0.413975
  1.08455 -0.782638 -0.012169   -2.1671 -0.023231   1.39823 -0.012332	  7.42719  0.007185 -0.371888  0.053277 -0.745363 -0.040767  -0.40444
  1.09193 -0.782631 -0.012536  -2.16705 -0.023968   1.39819 -0.012732	  7.32448   0.00693 -0.362936  0.052895 -0.727775 -0.041874  -0.39505
   1.0992 -0.782624 -0.012895  -2.16699 -0.024687   1.39814 -0.013122	  7.22293  0.006681 -0.354062  0.052509 -0.710337 -0.042917 -0.385739
  1.10638 -0.782618 -0.013244  -2.16694 -0.025389    1.3981 -0.013503	  7.12254   0.00644 -0.345268  0.052118 -0.693053 -0.043897  -0.37651
  1.11345 -0.782611 -0.013585  -2.16689 -0.026073   1.39806 -0.013875	  7.02329  0.006206 -0.336556  0.051724 -0.675927 -0.044814 -0.367364
  1.12042 -0.782605 -0.013918  -2.16684 -0.026741   1.39801 -0.014238	  6.92519  0.005978 -0.327928  0.051325 -0.658963  -0.04567 -0.358303
   1.1273 -0.782599 -0.014241  -2.16679 -0.027391   1.39797 -0.014592	  6.82823  0.005758 -0.319384  0.050922 -0.642162 -0.046466 -0.349329
  1.13408 -0.782594 -0.014556  -2.16674 -0.028025   1.39792 -0.014937	  6.73239  0.005544 -0.310927  0.050516  -0.62553 -0.047204 -0.340443
  1.14077 -0.782588 -0.014863  -2.16669 -0.028642   1.39787 -0.015273	  6.63768  0.005337 -0.302559  0.050106 -0.609068 -0.047883 -0.331648
  1.14736 -0.782583 -0.015162  -2.16664 -0.029243   1.39782   -0.0156	  6.54408  0.005136 -0.294279  0.049693 -0.592778 -0.048507 -0.322943
  1.15385 -0.782578 -0.015452  -2.16659 -0.029828   1.39777 -0.015919	   6.4516  0.004942  -0.28609  0.049277 -0.576664 -0.049076 -0.314331
  1.16026 -0.782573 -0.015734  -2.16654 -0.030397   1.39773 -0.016229	  6.36021  0.004754 -0.277993  0.048856 -0.560726 -0.049591 -0.305812
  1.16657 -0.782569 -0.016008  -2.16649  -0.03095   1.39768  -0.01653	  6.26992  0.004572 -0.269988  0.048433 -0.544968 -0.050054 -0.297388
   1.1728 -0.782564 -0.016274  -2.16644 -0.031487   1.39762 -0.016824	  6.18072  0.004397 -0.262077  0.048007 -0.529391 -0.050465  -0.28906
  1.17894  -0.78256 -0.016532  -2.16639 -0.032008   1.39758 -0.017109	   6.0926  0.004228  -0.25426  0.047578 -0.513996 -0.050826 -0.280828
  1.18499 -0.782556 -0.016782  -2.16635 -0.032515   1.39752 -0.017385	  6.00555  0.004065 -0.246538  0.047147 -0.498786 -0.051139 -0.272693
  1.19095 -0.782552 -0.017025   -2.1663 -0.033006   1.39747 -0.017654	  5.91956  0.003907 -0.238912  0.046714 -0.483762 -0.051405 -0.264657
  1.19683 -0.782548  -0.01726  -2.16625 -0.033483   1.39742 -0.017915	  5.83463  0.003755 -0.231383  0.046277 -0.468924 -0.051626 -0.256719
  1.20262 -0.782544 -0.017488  -2.16621 -0.033944   1.39737 -0.018168	  5.75075  0.003609  -0.22395  0.045839 -0.454274 -0.051801  -0.24888
  1.20833 -0.782541 -0.017708  -2.16616 -0.034391   1.39732 -0.018412	  5.66687  0.003527 -0.216517  0.045504 -0.439616 -0.052039 -0.241037
  1.21395 -0.782537 -0.017921  -2.16612 -0.034824   1.39726  -0.01865	   5.5851  0.003389 -0.209277  0.045057 -0.425339 -0.052124 -0.233395
   1.2195 -0.782534 -0.018127  -2.16607 -0.035242   1.39721 -0.018879	  5.50435  0.003257 -0.202135  0.044609 -0.411252 -0.052169 -0.225854
  1.22496 -0.782531 -0.018325  -2.16603 -0.035646   1.39716 -0.019101	  5.42462   0.00313 -0.195091  0.044159 -0.397357 -0.052174 -0.218414
  1.23035 -0.782528 -0.018517  -2.16598 -0.036037   1.39711 -0.019316	  5.34589  0.003007 -0.188147  0.043708 -0.383654 -0.052142 -0.211075
  1.23565 -0.782525 -0.018702  -2.16594 -0.036414   1.39706 -0.019524	  5.26816   0.00289 -0.181301  0.043257 -0.370143 -0.052074 -0.203838
  1.24088 -0.782522  -0.01888   -2.1659 -0.036777   1.39701 -0.019724	  5.19141  0.002778 -0.174555  0.042804 -0.356824 -0.051971 -0.196702
  1.24604 -0.782519 -0.019051  -2.16585 -0.037127   1.39695 -0.019917	  5.11565  0.002671 -0.167907  0.042351 -0.343697 -0.051834 -0.189668
  1.25112 -0.782516 -0.019216  -2.16581 -0.037465    1.3969 -0.020103	  5.04086  0.002567 -0.161358  0.041898 -0.330763 -0.051664 -0.182735
  1.25612 -0.782514 -0.019374  -2.16577 -0.037789   1.39685 -0.020283	  4.96702  0.002469 -0.154908  0.041444  -0.31802 -0.051463 -0.175903
  1.26105 -0.782512 -0.019525  -2.16573 -0.038101    1.3968 -0.020455	  4.89415  0.002374 -0.148557  0.040991 -0.305468 -0.051232 -0.169173
  1.26591 -0.782509 -0.019671  -2.16569   -0.0384   1.39675 -0.020621	  4.82221  0.002285 -0.142304  0.040537 -0.293108 -0.050971 -0.162544
   1.2707 -0.782507  -0.01981  -2.16565 -0.038687    1.3967  -0.02078	  4.75121  0.002199 -0.136149  0.040083 -0.280939 -0.050684 -0.156015
  1.27541 -0.782505 -0.019943  -2.16561 -0.038962   1.39665 -0.020933	  4.68114  0.002117 -0.130092   0.03963  -0.26896 -0.050369 -0.149588
  1.28006 -0.782503  -0.02007  -2.16557 -0.039225    1.3966  -0.02108	  4.61199  0.002039 -0.124133  0.039177 -0.257171 -0.050029  -0.14326
  1.28464 -0.782501 -0.020191  -2.16553 -0.039476   1.39655  -0.02122	  4.54374  0.001965  -0.11827  0.038724  -0.24557 -0.049665 -0.137032
  1.28915 -0.782499 -0.020307  -2.16549 -0.039716    1.3965 -0.021354	   4.4764  0.001894 -0.112505  0.038272 -0.234158 -0.049277 -0.130904
  1.29359 -0.782497 -0.020417  -2.16545 -0.039945   1.39645 -0.021482	  4.40994  0.001827 -0.106836  0.037822 -0.222933 -0.048868 -0.124874
  1.29797 -0.782495 -0.020521  -2.16541 -0.040162    1.3964 -0.021603	  4.34437  0.001764 -0.101262  0.037372 -0.211894 -0.048437 -0.118943
  1.30228 -0.782493 -0.020619  -2.16538 -0.040369   1.39635 -0.021719	  4.27967  0.001704 -0.095783  0.036923 -0.201041 -0.047987  -0.11311
  1.30653 -0.782492 -0.020712  -2.16534 -0.040564    1.3963  -0.02183	  4.21583  0.001646   -0.0904  0.036475 -0.190372 -0.047518 -0.107375
  1.31071  -0.78249   -0.0208  -2.16531 -0.040749   1.39626 -0.021934	  4.15285  0.001593  -0.08511  0.036028 -0.179886 -0.047031 -0.101737
  1.31483 -0.782489 -0.020882  -2.16527 -0.040924   1.39621 -0.022033	  4.09072  0.001542 -0.079915  0.035583 -0.169584 -0.046527 -0.096195
  1.31889 -0.782487  -0.02096  -2.16523 -0.041089   1.39616 -0.022127	  4.02943  0.001494 -0.074812   0.03514 -0.159462 -0.046008 -0.090749
  1.32289 -0.782486 -0.021032   -2.1652 -0.041243   1.39612 -0.022215	  3.96896  0.001449 -0.069801  0.034698 -0.149519 -0.045473 -0.085398
  1.32683 -0.782484 -0.021099  -2.16517 -0.041388   1.39607 -0.022298	  3.90931  0.001407 -0.064882  0.034258 -0.139756 -0.044924 -0.080142
  1.33071 -0.782483 -0.021162  -2.16513 -0.041523   1.39603 -0.022375	  3.85048  0.001367 -0.060055  0.033821  -0.13017 -0.044363 -0.074979
  1.33453 -0.782481  -0.02122   -2.1651 -0.041648   1.39598 -0.022448	  3.79245   0.00133 -0.055317  0.033385 -0.120759 -0.043789  -0.06991
   1.3383  -0.78248 -0.021273  -2.16506 -0.041764   1.39594 -0.022515	  3.73521  0.001295 -0.050668  0.032951 -0.111523 -0.043204 -0.064932
    1.342 -0.782479 -0.021321  -2.16503 -0.041871    1.3959 -0.022577	  3.67876  0.001262 -0.046109   0.03252 -0.102461 -0.042608 -0.060047
  1.34565 -0.782478 -0.021365    -2.165 -0.041969   1.39585 -0.022635	  3.62308  0.001232 -0.041637   0.03209  -0.09357 -0.042002 -0.055252
  1.34925 -0.782476 -0.021404  -2.16497 -0.042059   1.39581 -0.022688	   3.5674  0.001221 -0.037163  0.031708 -0.084675 -0.041454 -0.050456
  1.35279 -0.782475 -0.021439  -2.16493 -0.042139   1.39577 -0.022736	  3.51328  0.001195 -0.032865  0.031281 -0.076121 -0.040827  -0.04584
  1.35628 -0.782474  -0.02147   -2.1649 -0.042211   1.39573  -0.02278	  3.45991   0.00117 -0.028652  0.030857 -0.067734 -0.040193 -0.041313
  1.35971 -0.782473 -0.021497  -2.16487 -0.042275   1.39569 -0.022819	  3.40728  0.001148 -0.024524  0.030435 -0.059514 -0.039553 -0.036873
  1.36309 -0.782472 -0.021519  -2.16484  -0.04233   1.39565 -0.022853	  3.35539  0.001127 -0.020481  0.030017 -0.051458 -0.038906  -0.03252
  1.36642 -0.782471 -0.021538  -2.16481 -0.042378   1.39561 -0.022884	  3.30422  0.001108 -0.016521    0.0296 -0.043566 -0.038255 -0.028255
   1.3697 -0.782469 -0.021552  -2.16478 -0.042417   1.39558  -0.02291	  3.25376  0.001091 -0.012643  0.029188 -0.035834 -0.037599 -0.024074
  1.37293 -0.782468 -0.021563  -2.16475 -0.042449   1.39554 -0.022932	  3.20401  0.001075 -0.008847  0.028778 -0.028262  -0.03694 -0.019978
  1.37611 -0.782467  -0.02157  -2.16473 -0.042474    1.3955  -0.02295	  3.15496  0.001061 -0.005132  0.028371 -0.020848 -0.036277 -0.015966
  1.37924 -0.782466 -0.021573   -2.1647 -0.042491   1.39546 -0.022964	   3.1066  0.001048 -0.001496  0.027967  -0.01359 -0.035611 -0.012036
  1.38232 -0.782465 -0.021573  -2.16467 -0.042501   1.39543 -0.022974	  3.05893  0.001037   0.00206  0.027567 -0.006486 -0.034944 -0.008188
  1.38536 -0.782464 -0.021569  -2.16464 -0.042504   1.39539  -0.02298	  3.01193  0.001027  0.005538   0.02717  0.000465 -0.034275 -0.004422
  1.38835 -0.782463 -0.021562  -2.16462   -0.0425   1.39536 -0.022983	  2.96559  0.001019   0.00894  0.026776  0.007265 -0.033604 -0.000735
  1.39129 -0.782462 -0.021551  -2.16459  -0.04249   1.39533 -0.022982	  2.91992  0.001011  0.012265  0.026385  0.013916 -0.032934  0.002873
  1.39419 -0.782461 -0.021537  -2.16456 -0.042472    1.3953 -0.022977	  2.87489  0.001005  0.015515  0.025997   0.02042 -0.032263  0.006402
  1.39704  -0.78246  -0.02152  -2.16454 -0.042449   1.39526 -0.022969	  2.83051     0.001   0.01869  0.025614  0.026778 -0.031593  0.009854
  1.39985 -0.782459   -0.0215  -2.16451 -0.042419   1.39523 -0.022958	  2.78676  0.000996  0.021792  0.025233  0.032993 -0.030924   0.01323
  1.40261 -0.782458 -0.021477  -2.16449 -0.042383    1.3952 -0.022943	  2.74302     0.001  0.024897  0.024884  0.039211 -0.030306  0.016606
  1.40533 -0.782457  -0.02145  -2.16446 -0.042341   1.39517 -0.022925	  2.70054  0.000997  0.027856  0.024509  0.045145 -0.029636  0.019833
  1.40801 -0.782456 -0.021421  -2.16444 -0.042293   1.39514 -0.022903	  2.65806  0.001002  0.030818  0.024163  0.051082 -0.029016  0.023061
  1.41065 -0.782455 -0.021389  -2.16441 -0.042239   1.39511 -0.022878	  2.61683  0.001001  0.033636  0.023794  0.056741 -0.028348  0.026142
  1.41325 -0.782454 -0.021354  -2.16439 -0.042179   1.39509 -0.022851	  2.57619  0.001001  0.036386  0.023428  0.062265 -0.027684  0.029151
   1.4158 -0.782453 -0.021316  -2.16437 -0.042114   1.39506  -0.02282	  2.53613  0.001002  0.039067  0.023067  0.067654 -0.027023  0.032089
  1.41832 -0.782452 -0.021276  -2.16434 -0.042044   1.39503 -0.022787	  2.49608  0.001008  0.041751  0.022732  0.073047 -0.026409  0.035028
   1.4208 -0.782451 -0.021233  -2.16432 -0.041968   1.39501  -0.02275	   2.4572   0.00101  0.044299  0.022377  0.078176 -0.025754  0.037827
  1.42323  -0.78245 -0.021187   -2.1643 -0.041888   1.39498 -0.022711	  2.41889  0.001012  0.046782  0.022026  0.083176 -0.025103  0.040557
  1.42563 -0.782449 -0.021139  -2.16428 -0.041802   1.39495 -0.022669	  2.38114  0.001015    0.0492  0.021679  0.088049 -0.024457   0.04322
    1.428 -0.782448 -0.021089  -2.16426 -0.041712   1.39493 -0.022625	  2.34393  0.001019  0.051554  0.021335  0.092797 -0.023816  0.045817
  1.43032 -0.782447 -0.021036  -2.16424 -0.041616   1.39491 -0.022578	  2.30727  0.001023  0.053846  0.020996  0.097421 -0.023181  0.048348
  1.43261 -0.782446 -0.020981  -2.16421 -0.041517   1.39488 -0.022528	  2.27115  0.001027  0.056075   0.02066  0.101924 -0.022551  0.050814
  1.43487 -0.782445 -0.020924  -2.16419 -0.041413   1.39486 -0.022476	  2.23503  0.001035  0.058308  0.020346   0.10643 -0.021964   0.05328
  1.43708 -0.782444 -0.020865  -2.16417 -0.041304   1.39484 -0.022421	  2.19998   0.00104  0.060417  0.020017  0.110697 -0.021344  0.055621
  1.43927 -0.782443 -0.020803  -2.16415 -0.041191   1.39482 -0.022365	 2.16544 0.001046 0.062468 0.019692 0.114848 -0.02073 0.057899
  1.44141 -0.782442  -0.02074  -2.16413 -0.041074    1.3948 -0.022306	  2.13142  0.001052   0.06446  0.019371  0.118884 -0.020123  0.060116
  1.44353 -0.782441 -0.020674  -2.16411 -0.040954   1.39478 -0.022244	   2.0979  0.001058  0.066394  0.019054  0.122807 -0.019522  0.062273
  1.44561  -0.78244 -0.020607   -2.1641 -0.040829   1.39476 -0.022181	  2.06487  0.001065  0.068273  0.018741  0.126619 -0.018928  0.064371
  1.44766 -0.782439 -0.020538  -2.16408   -0.0407   1.39474 -0.022116	  2.03184  0.001073  0.070154  0.018446  0.130434 -0.018374  0.066469
  1.44967 -0.782438 -0.020467  -2.16406 -0.040568   1.39472 -0.022048	  1.99981   0.00108  0.071923   0.01814  0.134031 -0.017792  0.068452
  1.45166 -0.782437 -0.020394  -2.16404 -0.040432   1.39471 -0.021979	  1.96825  0.001087  0.073638  0.017838  0.137522 -0.017217  0.070378
  1.45361 -0.782435 -0.020319  -2.16402 -0.040293   1.39469 -0.021908	 1.93715 0.001094   0.0753  0.01754 0.140908 -0.01665 0.072249
  1.45553 -0.782434 -0.020243  -2.16401 -0.040151   1.39467 -0.021834	 1.90653 0.001101  0.07691 0.017245 0.144192 -0.01609 0.074065
  1.45742 -0.782433 -0.020166  -2.16399 -0.040005   1.39466 -0.021759	  1.87636  0.001108  0.078469  0.016955  0.147375 -0.015538  0.075826
  1.45928 -0.782432 -0.020086  -2.16397 -0.039856   1.39464 -0.021683	  1.84664  0.001115  0.079978  0.016668  0.150459 -0.014994  0.077535
  1.46112 -0.782431 -0.020006  -2.16396 -0.039704   1.39463 -0.021604	  1.81736  0.001123  0.081437  0.016386  0.153446 -0.014458  0.079191
  1.46292  -0.78243 -0.019924  -2.16394 -0.039549   1.39461 -0.021524	  1.78852   0.00113  0.082848  0.016107  0.156337 -0.013929  0.080797
   1.4647 -0.782429  -0.01984  -2.16392 -0.039391    1.3946 -0.021443	  1.76012  0.001138  0.084211  0.015832  0.159133 -0.013409  0.082352
  1.46644 -0.782428 -0.019755  -2.16391 -0.039231   1.39459  -0.02136	  1.73214  0.001145  0.085527   0.01556  0.161837 -0.012896  0.083857
  1.46816 -0.782426 -0.019669  -2.16389 -0.039068   1.39457 -0.021275	  1.70458  0.001153  0.086797  0.015293   0.16445 -0.012391  0.085314
  1.46985 -0.782425 -0.019582  -2.16388 -0.038902   1.39456 -0.021189	  1.67744   0.00116  0.088022  0.015029  0.166974 -0.011895  0.086723
  1.47151 -0.782424 -0.019493  -2.16386 -0.038734   1.39455 -0.021102	  1.65071  0.001167  0.089203  0.014769   0.16941 -0.011406  0.088084
  1.47315 -0.782423 -0.019403  -2.16385 -0.038563   1.39454 -0.021013	 1.62398 0.001174 0.090387 0.014522 0.171848 -0.01095 0.089446
  1.47476 -0.782422 -0.019312  -2.16383  -0.03839   1.39453 -0.020923	  1.59807  0.001181  0.091482  0.014269  0.174115 -0.010476  0.090718
  1.47635 -0.782421  -0.01922  -2.16382 -0.038215   1.39452 -0.020832	  1.57255  0.001188  0.092534  0.014019  0.176298 -0.010009  0.091944
  1.47791 -0.782419 -0.019127  -2.16381 -0.038038   1.39451 -0.020739	  1.54741  0.001195  0.093546  0.013773    0.1784 -0.009552  0.093127
  1.47944 -0.782418 -0.019033  -2.16379 -0.037858    1.3945 -0.020645	  1.52266  0.001202  0.094517  0.013531  0.180421 -0.009102  0.094266
  1.48095 -0.782417 -0.018938  -2.16378 -0.037677   1.39449 -0.020551	  1.49828  0.001209  0.095448  0.013292  0.182363 -0.008661  0.095362
  1.48244 -0.782416 -0.018842  -2.16377 -0.037493   1.39448 -0.020455	  1.47428  0.001215   0.09634  0.013056  0.184228 -0.008227  0.096418
   1.4839 -0.782415 -0.018745  -2.16375 -0.037308   1.39447 -0.020358	  1.45064  0.001222  0.097193  0.012824  0.186017 -0.007801  0.097433
  1.48534 -0.782413 -0.018648  -2.16374 -0.037121   1.39447  -0.02026	  1.42736  0.001229  0.098009  0.012596  0.187732 -0.007384  0.098407
  1.48676 -0.782412 -0.018549  -2.16373 -0.036933   1.39446 -0.020161	  1.40444  0.001234  0.098789  0.012371  0.189373 -0.006975  0.099343
  1.48815 -0.782411  -0.01845  -2.16371 -0.036743   1.39445 -0.020061	  1.38187   0.00124  0.099532   0.01215  0.190943 -0.006573  0.100239
  1.48952  -0.78241  -0.01835   -2.1637 -0.036551   1.39444  -0.01996	 1.35964 0.001246  0.10024 0.011932 0.192443 -0.00618 0.101098
  1.49087 -0.782408  -0.01825  -2.16369 -0.036358   1.39444 -0.019859	  1.33776  0.001252  0.100913  0.011717  0.193874 -0.005794   0.10192
   1.4922 -0.782407 -0.018149  -2.16368 -0.036163   1.39443 -0.019757	  1.31621  0.001257  0.101553  0.011506  0.195238 -0.005416  0.102705
   1.4935 -0.782406 -0.018047  -2.16367 -0.035967   1.39443 -0.019654	  1.29499  0.001262  0.102159  0.011297  0.196535 -0.005046  0.103455
  1.49479 -0.782405 -0.017944  -2.16366  -0.03577   1.39442  -0.01955	  1.27411  0.001268  0.102733  0.011092  0.197768 -0.004684   0.10417
  1.49605 -0.782403 -0.017841  -2.16365 -0.035572   1.39442 -0.019445	 1.25354 0.001272 0.103275 0.010891 0.198937 -0.00433 0.104851
  1.49729 -0.782402 -0.017738  -2.16364 -0.035372   1.39441  -0.01934	  1.23329  0.001277  0.103785  0.010693  0.200044 -0.003983  0.105497
  1.49852 -0.782401 -0.017634  -2.16362 -0.035172   1.39441 -0.019234	  1.21335  0.001281  0.104265  0.010497   0.20109 -0.003644  0.106111
  1.49972   -0.7824 -0.017529  -2.16361  -0.03497   1.39441 -0.019128	  1.19372  0.001286  0.104715  0.010305  0.202077 -0.003312  0.106693
   1.5009 -0.782398 -0.017424   -2.1636 -0.034768    1.3944 -0.019021	   1.1744   0.00129  0.105136  0.010116  0.203004 -0.002987  0.107243
  1.50207 -0.782397 -0.017319  -2.16359 -0.034564    1.3944 -0.018913	 1.15537 0.001293 0.105527  0.00993 0.203875 -0.00267 0.107762
  1.50322 -0.782396 -0.017213  -2.16358  -0.03436    1.3944 -0.018805	  1.13664  0.001297  0.105891  0.009747  0.204689 -0.002361  0.108251
  1.50434 -0.782394 -0.017107  -2.16357 -0.034155    1.3944 -0.018697	   1.1182    0.0013  0.106227  0.009567  0.205449 -0.002058  0.108709
  1.50545 -0.782393 -0.017001  -2.16357 -0.033949    1.3944 -0.018588	  1.10005  0.001303  0.106537  0.009389  0.206155 -0.001762  0.109139
  1.50654 -0.782392 -0.016894  -2.16356 -0.033743   1.39439 -0.018479	  1.08218  0.001306   0.10682  0.009215  0.206809 -0.001474  0.109541
  1.50762  -0.78239 -0.016787  -2.16355 -0.033536   1.39439 -0.018369	  1.06459  0.001309  0.107077  0.009044  0.207411 -0.001192  0.109914
  1.50867 -0.782389  -0.01668  -2.16354 -0.033328   1.39439 -0.018259	  1.04727  0.001311  0.107309  0.008876  0.207963 -0.000917   0.11026
  1.50971 -0.782388 -0.016573  -2.16353  -0.03312   1.39439 -0.018148	 1.03022 0.001313 0.107517  0.00871 0.208465 -0.00065  0.11058
  1.51073 -0.782386 -0.016465  -2.16352 -0.032911   1.39439 -0.018038	  1.01344  0.001315  0.107701  0.008547   0.20892 -0.000388  0.110873
  1.51174 -0.782385 -0.016357  -2.16351 -0.032702   1.39439 -0.017927	 0.996925  0.001317  0.107861  0.008387  0.209327 -0.000134  0.111141
  1.51273 -0.782384 -0.016249   -2.1635 -0.032492   1.39439 -0.017815	0.980667 0.001318 0.107998  0.00823 0.209688 0.000114 0.111383
   1.5137 -0.782383 -0.016141   -2.1635 -0.032283   1.39439 -0.017704	0.964663 0.001319 0.108112 0.008075 0.210004 0.000355 0.111601
  1.51466 -0.782381 -0.016033  -2.16349 -0.032072   1.39439 -0.017592	0.948659 0.001319 0.108229 0.007925 0.210321 0.000578 0.111819
   1.5156  -0.78238 -0.015925  -2.16348 -0.031862   1.39439  -0.01748	0.933164  0.00132   0.1083 0.007775 0.210552 0.000808  0.11199
  1.51652 -0.782379 -0.015816  -2.16347 -0.031651   1.39439 -0.017368	0.917913 0.001321 0.108352 0.007628  0.21074 0.001032 0.112139
  1.51743 -0.782377 -0.015708  -2.16346  -0.03144   1.39439 -0.017256	0.902902 0.001321 0.108382 0.007484 0.210887 0.001249 0.112265
  1.51833 -0.782376   -0.0156  -2.16346  -0.03123   1.39439 -0.017144	0.888128 0.001321 0.108392 0.007342 0.210994 0.001461 0.112368
  1.51921 -0.782375 -0.015491  -2.16345 -0.031018    1.3944 -0.017031	0.873586 0.001322 0.108383 0.007202 0.211062 0.001666 0.112451
  1.52008 -0.782373 -0.015383  -2.16344 -0.030807    1.3944 -0.016919	0.859274 0.001322 0.108355 0.007065 0.211091 0.001866 0.112512
  1.52093 -0.782372 -0.015275  -2.16344 -0.030596    1.3944 -0.016806	0.845188 0.001321 0.108308  0.00693 0.211083 0.002059 0.112553
  1.52177 -0.782371 -0.015166  -2.16343 -0.030385    1.3944 -0.016694	0.831325  0.00132 0.108244 0.006797 0.211038 0.002247 0.112574
  1.52259 -0.782369 -0.015058  -2.16342 -0.030174    1.3944 -0.016581	 0.81768  0.00132 0.108161 0.006667 0.210958  0.00243 0.112575
   1.5234 -0.782368  -0.01495  -2.16342 -0.029963   1.39441 -0.016469	0.804253 0.001319 0.108061  0.00654 0.210843 0.002607 0.112557
   1.5242 -0.782367 -0.014842  -2.16341 -0.029753   1.39441 -0.016356	0.791037 0.001317 0.107945 0.006414 0.210694 0.002778 0.112521
  1.52498 -0.782365 -0.014734   -2.1634 -0.029542   1.39441 -0.016244	0.778032 0.001316 0.107812 0.006291 0.210512 0.002944 0.112467
  1.52576 -0.782364 -0.014626   -2.1634 -0.029332   1.39441 -0.016131	0.765233 0.001314 0.107663  0.00617 0.210298 0.003105 0.112395
  1.52652 -0.782363 -0.014519  -2.16339 -0.029121   1.39442 -0.016019	0.752637 0.001312 0.107499 0.006051 0.210053 0.003261 0.112305
  1.52726 -0.782361 -0.014411  -2.16338 -0.028911   1.39442 -0.015906	0.740242 0.001311  0.10732 0.005934 0.209777 0.003412 0.112199
  1.52799  -0.78236 -0.014304  -2.16338 -0.028702   1.39443 -0.015794	0.728044 0.001308 0.107126  0.00582 0.209471 0.003558 0.112076
  1.52872 -0.782359 -0.014197  -2.16337 -0.028493   1.39443 -0.015682	0.715846 0.001304 0.106933 0.005708 0.209166  0.00369 0.111953
  1.52943 -0.782358  -0.01409  -2.16337 -0.028284   1.39443  -0.01557	0.704042 0.001302 0.106712 0.005598 0.208804 0.003827   0.1118
  1.53013 -0.782356 -0.013984  -2.16336 -0.028075   1.39444 -0.015459	0.692426 0.001299 0.106477 0.005489 0.208416 0.003959 0.111631
  1.53081 -0.782355 -0.013877  -2.16336 -0.027867   1.39444 -0.015347	0.680995 0.001296 0.106229 0.005382    0.208 0.004086 0.111447
  1.53149 -0.782354 -0.013771  -2.16335 -0.027659   1.39444 -0.015236	0.669748 0.001293 0.105968 0.005278 0.207558 0.004209 0.111249
  1.53215 -0.782352 -0.013666  -2.16335 -0.027452   1.39445 -0.015125	0.658679  0.00129 0.105695 0.005175  0.20709 0.004327 0.111037
   1.5328 -0.782351  -0.01356  -2.16334 -0.027245   1.39445 -0.015014	0.647788 0.001287 0.105409 0.005074 0.206598 0.004441 0.110811
  1.53345  -0.78235 -0.013455  -2.16334 -0.027038   1.39446 -0.014903	0.637072 0.001283 0.105112 0.004975 0.206082 0.004551 0.110572
  1.53408 -0.782348  -0.01335  -2.16333 -0.026833   1.39446 -0.014793	0.626527  0.00128 0.104804 0.004878 0.205543 0.004657 0.110319
   1.5347 -0.782347 -0.013245  -2.16332 -0.026627   1.39447 -0.014682	0.616152 0.001276 0.104484 0.004782 0.204981 0.004758 0.110054
  1.53531 -0.782346 -0.013141  -2.16332 -0.026423   1.39447 -0.014573	0.605943 0.001272 0.104154 0.004689 0.204397 0.004856 0.109777
  1.53591 -0.782345 -0.013037  -2.16332 -0.026219   1.39448 -0.014463	0.595898 0.001268 0.103813 0.004597 0.203792 0.004949 0.109488
   1.5365 -0.782343 -0.012933  -2.16331 -0.026015   1.39448 -0.014354	0.586014 0.001263 0.103463 0.004506 0.203166 0.005038 0.109188
  1.53709 -0.782342  -0.01283  -2.16331 -0.025812   1.39449 -0.014245	 0.57629 0.001259 0.103102 0.004418  0.20252 0.005124 0.108876
